-1.0	0.00419209451917	0.0256778680921	
-1.0	0.0247473740428	0.0627570071679	
-1.0	2.32665243622	1.01629606079	
-1.0	0.790639855149	1.78520126133	
-1.0	1.95714051435	1.98382365135	
-1.0	2.24905284908	2.56352146912	
0.0	0.00282423841645	0.0930155216273	
0.0	-0.00975967862538	0.102008812877	
0.0	-0.0529138488895	0.0601060190098	
0.0	-0.0347003489222	0.0981438519958	
0.0	-0.0236914264454	0.024608628657	
0.0	0.0248838877179	0.0464799345968	
0.0	0.0139554698468	0.0337500963331	
0.0	-0.0613064229344	0.0887624151638	
0.0	-0.0731935554497	0.0351367428486	
0.0	-0.0659021397031	0.0682657978139	
0.0	-0.045441717881	0.0258099852766	
0.0	-0.0327736418647	0.0985231036444	
0.0	-0.00381613638426	0.0565263725925	
0.0	-0.0726735349323	0.0669772111475	
0.0	0.00274584336726	0.0235349611853	
0.0	-0.0472128411698	0.108333073138	
0.0	-0.0706681109269	0.0534889772185	
0.0	0.0100788898711	0.0474025838969	
0.0	0.0132862650281	0.0984836019441	
0.0	0.0242819776629	0.0532798869117	
0.0	-0.0323278027069	0.0701414986803	
0.0	-0.0384747318404	0.0641304230795	
0.0	-0.0110954982525	0.0693302374814	
0.0	0.0171116407283	0.0544418283346	
0.0	0.000547767173426	0.0958900693731	
0.0	-0.0147358642093	0.0604670607524	
0.0	-0.0390259180436	0.101027964018	
0.0	-0.0312468555412	0.0605919997169	
0.0	-0.0249379155852	0.0711233329066	
0.0	-0.0293472215645	0.0504460182261	
0.0	0.0224051122257	0.0783618237565	
0.0	0.0158414585033	0.04547842349	
0.0	-0.0182721732668	0.0873215849427	
0.0	-0.0170699816425	0.0962655374097	
0.0	0.001271386714	0.0313904011677	
0.0	0.00680080007848	0.0547153659551	
0.0	-0.0217823181859	0.0785435956804	
0.0	0.0116341895567	0.0523384019508	
0.0	-0.0573346636919	0.0836321153994	
0.0	0.01718767848	0.0852701284827	
0.0	-0.00774314398748	0.0904500735184	
0.0	0.0210885331825	0.0721416998856	
0.0	0.00824679901354	0.0930448019381	
0.0	-0.0447269066348	0.0669757806139	
0.0	-0.0107971701913	0.106865470584	
0.0	-0.0297718112896	0.0266796557714	
0.0	0.00992578020347	0.0914910761667	
0.0	-0.0135191202101	0.0179219451589	
0.0	-0.000894230881508	0.0232138088751	
0.0	-0.0077946589557	0.107429643665	
0.0	-0.00537519031781	0.0199267196534	
0.0	-0.0453138982726	0.0862717073118	
0.0	-0.0703537715306	0.0861926256754	
0.0	-0.0145913073715	0.0962343177636	
0.0	-0.0592810990606	0.0355914970431	
0.0	0.0117588972574	0.0539069044947	
0.0	0.00951309872647	0.0581749861836	
0.0	-0.0672878323889	0.0937570785496	
0.0	0.00789177867328	0.0264449690874	
0.0	-0.0466550705851	0.0257064390523	
0.0	-0.00755226715612	0.0210767737154	
0.0	-0.0332514246594	0.110229496401	
0.0	-0.0342118996065	0.111274515198	
0.0	-0.0343777325201	0.110621286344	
0.0	0.0220725207225	0.0492570750135	
0.0	-0.0179501951918	0.0117290125357	
0.0	-0.0288222925735	0.0364851997043	
0.0	-0.0583237776051	0.0265026402251	
0.0	-0.0510101099537	0.0276842845673	
0.0	0.000276383098372	0.0909857198858	
0.0	-0.017497914332	0.0838578329608	
0.0	-0.00496764021607	0.0806344043909	
0.0	-0.00697525963733	0.0504069209215	
0.0	0.00319037613118	0.0970620703914	
0.0	-0.0811339436396	0.0685900668298	
0.0	-0.0756720329805	0.0763112047328	
0.0	-0.0578755247264	0.025704921761	
0.0	-0.0707609649319	0.0392867997692	
0.0	-0.00850851579546	0.0174167143569	
0.0	-0.062724865	0.0789253249931	
0.0	-0.0178767090704	0.0583713475668	
0.0	-0.036604620778	0.0900938759717	
0.0	0.0135007876671	0.0351514524969	
0.0	-0.0624384695367	0.0247336509714	
0.0	-0.0380095473916	0.0924607504667	
0.0	-0.0162655139205	0.120068973394	
0.0	0.0126367020004	0.0538818038425	
0.0	0.00641367539966	0.0845266934091	
0.0	-0.0588906375627	0.0568546987031	
0.0	-0.0395098904534	0.0734121037122	
0.0	-0.0289005486961	0.0178292332358	
0.0	-0.0643793351536	0.0750231735895	
0.0	-0.00302180339719	0.0997696912463	
0.0	-0.0711396261194	0.0788476485275	
0.0	-0.0244827935937	0.118839778539	
0.0	-0.0340685515705	0.0764276579952	
0.0	-0.0232274041191	0.10254416258	
0.0	-0.0210618462275	0.0499327553432	
0.0	-0.0019366470121	0.106307888346	
0.0	-0.0390555038918	0.0184977278375	
0.0	0.0179490632862	0.0795310901305	
0.0	-0.0455232438171	0.0862009536528	
0.0	-0.0311841251317	0.0276927442808	
0.0	-0.065716224782	0.0750573974873	
0.0	-0.0414812369111	0.0430359154732	
0.0	-0.0143481015642	0.0440742991587	
0.0	-0.0535123815882	0.0661868237467	
0.0	0.01433708414	0.0964552642937	
0.0	-0.0768004678022	0.0451905576888	
0.0	0.00492139436606	0.052333399771	
0.0	-0.057352142431	0.090184850111	
0.0	0.0266390185087	0.0695596591775	
0.0	0.00404421363415	0.0545950473752	
0.0	-0.0394214338717	0.111443721181	
0.0	0.0170816014744	0.0924700884725	
0.0	-0.0763487964646	0.0674269176677	
0.0	0.0193403000755	0.0532165304733	
0.0	-0.0319358665516	0.0810306814179	
0.0	-0.0237717236781	0.0331703266078	
0.0	0.0100305681002	0.0806046308393	
0.0	-0.0338839045425	0.0141023403739	
0.0	0.0100354330573	0.0235934907895	
0.0	-0.0247434836878	0.0415094291886	
0.0	0.011092298397	0.0922748950976	
0.0	0.00856286655431	0.0798472792796	
0.0	-0.0394684579138	0.0778408973329	
0.0	0.0177188496112	0.0428470726934	
0.0	0.00957924129753	0.099075513214	
0.0	-0.0780516893869	0.0687233254749	
0.0	0.0201226578955	0.0698044972732	
0.0	-0.0125556052462	0.044106337396	
0.0	0.00595827684722	0.0820609750943	
0.0	-0.0114210569595	0.0156503239022	
0.0	0.017142286316	0.0830278806375	
0.0	-0.0153210095875	0.0864337255712	
0.0	-0.0205486321351	0.101135026227	
0.0	-0.0582777773709	0.090643924926	
0.0	-0.0551747660486	0.0718869998277	
0.0	-0.0184611366658	0.0183580591288	
0.0	0.00316883172452	0.034689511048	
0.0	-0.0721388990364	0.0627550414286	
0.0	-0.0350027801944	0.0246998994169	
0.0	-0.0393888214885	0.0552984528407	
0.0	0.0204171703973	0.0704253624057	
0.0	-0.0701563498859	0.0515038483374	
0.0	-0.0322512090513	0.119340947106	
0.0	-0.0461955690377	0.0304598123883	
0.0	-0.0697222192592	0.0453442834049	
0.0	-0.0546843623346	0.0251971428847	
0.0	0.00459457213596	0.0195872469973	
0.0	-0.0323555511302	0.119413004559	
0.0	0.0225663675875	0.0830121939593	
0.0	-0.0663970580269	0.058198700272	
0.0	0.0180782375573	0.0866444239259	
0.0	-0.0168844808733	0.0876097138527	
0.0	-0.0326259254598	0.0828563582322	
0.0	-0.0317361595587	0.109951527879	
0.0	0.00842022990884	0.0320365346337	
0.0	-0.0550871216157	0.0500358827573	
0.0	0.00223748334634	0.0860591810136	
0.0	-0.0500255684193	0.0732624103081	
0.0	-0.0295179187773	0.0162197411228	
0.0	0.0209232959908	0.0477901766907	
0.0	-0.0688223979294	0.0618409273908	
0.0	-0.0786989260533	0.0485971950254	
0.0	-0.0510376209448	0.0770760651677	
0.0	-0.0361232045804	0.118748912592	
0.0	-0.0388291386726	0.0890088843516	
0.0	-0.0361449074815	0.0487855456202	
0.0	-0.0255424781072	0.0322217195672	
0.0	-0.0172803764984	0.0582232018862	
0.0	-0.0774398029564	0.0479205659637	
0.0	-0.0162684554685	0.0179403039022	
0.0	-0.0695347116735	0.0534672044011	
0.0	-0.00847565702651	0.029263327385	
0.0	-0.0267497017142	0.0673065845274	
0.0	-0.0501711188219	0.0883019192857	
0.0	-0.0611621312498	0.0844333371738	
0.0	-0.0529974568511	0.0753882652538	
0.0	0.0125738917079	0.042617207244	
0.0	-0.0311245906898	0.0367202955574	
0.0	-0.0141876440921	0.0291758503342	
0.0	-0.0416437416783	0.0557192841381	
0.0	0.0211332820144	0.0879316864769	
0.0	0.0126585348211	0.0943577036887	
0.0	0.019620074603	0.0746115422616	
0.0	-0.0380926597251	0.0548521527614	
0.0	-0.0390451720705	0.0722493696084	
0.0	-0.00233470496415	0.069637902527	
0.0	-0.00167031003425	0.0780140268623	
0.0	-0.0313389823958	0.0860976995288	
0.0	0.014370491583	0.0341035525057	
0.0	0.00719521789826	0.0241330422932	
0.0	0.0188851256387	0.0815326440308	
0.0	-0.0228624244257	0.018173081271	
0.0	0.00246386499826	0.105341800803	
0.0	-0.000394072899087	0.0185384954058	
0.0	-0.0249006382757	0.0263280622377	
0.0	-0.0212733105335	0.0901313387349	
0.0	-0.0506113814677	0.0527300310309	
0.0	0.00893130405934	0.0322198037213	
0.0	0.0057190024513	0.0242738230559	
0.0	0.0117275315603	0.0418703045183	
0.0	-0.0443595206554	0.0998189612227	
0.0	-0.040568991393	0.0328881043799	
0.0	-0.0246674754775	0.0244437360244	
0.0	0.0115287226517	0.0773016148216	
0.0	-0.000569210655106	0.0468415655087	
0.0	-0.0142519117446	0.0412369083761	
0.0	-0.0721566212208	0.0832892287362	
0.0	0.0185207567187	0.0548069875643	
0.0	0.00441562400864	0.0606060662383	
0.0	-0.0542991907022	0.0406985606034	
0.0	-0.0417882912287	0.0278050405423	
0.0	0.00764156115845	0.0485973577966	
0.0	-0.0399147767218	0.0294766317737	
0.0	-0.0328110136254	0.0443101822828	
0.0	-9.04318891759e-05	0.10398930578	
0.0	-0.00229106608349	0.031517224266	
0.0	-0.0224402571958	0.0833810846527	
0.0	0.0130926286563	0.0641278356976	
0.0	-0.0342909535237	0.0506631387658	
0.0	-0.0369153498907	0.060295777347	
0.0	-0.0663201781614	0.0422469628147	
0.0	0.00857799603375	0.0612206072895	
0.0	0.0122256965217	0.0914436917737	
0.0	-0.0335169688184	0.0357261337865	
0.0	-0.000938214274097	0.0222328397117	
0.0	-0.0615494452932	0.0281593679487	
0.0	-0.0515065376718	0.0474353963952	
0.0	-0.03467868182	0.0672034292934	
0.0	-0.0707823167161	0.0840007298542	
0.0	0.0114244660992	0.0712247080346	
0.0	-0.0392640401023	0.0200869399785	
0.0	-0.0097419617684	0.0574640184126	
0.0	-0.027424755624	0.0850843817224	
0.0	-0.00981767943623	0.0820683431191	
0.0	-0.0630415231082	0.0523673795791	
0.0	-0.0730563642164	0.0396047709255	
0.0	-0.0634624688853	0.0474191476724	
0.0	-0.0198158060171	0.0298304614653	
0.0	-0.0609090042871	0.0840609562677	
0.0	0.00392768967593	0.0896966077038	
0.0	-0.0303040572743	0.0856497720842	
0.0	-0.0740370536854	0.0486229142059	
0.0	-0.0162379655021	0.0933829878865	
0.0	-0.034578519831	0.0726223004126	
0.0	0.00839946196756	0.0402791007408	
0.0	-0.00529918840996	0.0658156412233	
0.0	-0.0798041301858	0.065923742629	
0.0	-0.0373378939228	0.0439930135656	
0.0	-0.0119288386276	0.0180423012307	
0.0	-0.0634188585426	0.0385871534203	
0.0	-0.0612038728726	0.0977097061127	
0.0	-0.0502620688252	0.0431455766247	
0.0	-0.0324181514847	0.105610636621	
0.0	0.00928948918568	0.0274939515565	
0.0	-0.0541626909057	0.0447451472585	
0.0	-0.0180593739815	0.0600056904775	
0.0	0.00822254042281	0.0954425183502	
0.0	-0.0417277162456	0.0441282496231	
0.0	-0.0676438720905	0.0745163921168	
0.0	-0.000916739641659	0.0892103461302	
0.0	-0.0224841054435	0.0159599535954	
0.0	-0.0305715089888	0.0649827862135	
0.0	-0.0302362151185	0.0399916382717	
0.0	-0.0741029168944	0.0494795642458	
0.0	-0.0461167930263	0.0245493828339	
0.0	0.00937877249065	0.0685844452815	
0.0	0.0121671222489	0.0446272474026	
0.0	-0.0383785044517	0.0597518308074	
0.0	-0.0618408767348	0.0845666749352	
0.0	0.035809139424	0.0816216678712	
0.0	-0.076064308103	0.0821664897144	
0.0	-0.0207145166656	0.0840181645698	
0.0	-0.029597197254	0.0593133912343	
0.0	-0.02282412928	0.0564503769469	
0.0	0.012380265822	0.0271749501487	
0.0	-0.0264486514614	0.0893610378698	
0.0	-0.0318929502233	0.0212360369623	
0.0	-0.0451582582708	0.0823272335874	
0.0	-0.011728214692	0.0220642219188	
0.0	-0.0632661655411	0.063830901467	
0.0	-0.0237644345722	0.0272000007698	
0.0	-0.0564064443933	0.100396487997	
0.0	0.00764063155946	0.0530751517719	
0.0	0.0205871302305	0.0541902004548	
0.0	0.0189303033625	0.088353808352	
0.0	-0.0279827765988	0.0932663152724	
0.0	-0.0589761393484	0.0415369746747	
0.0	-0.0188191993732	0.10216289808	
0.0	-0.0164450687879	0.0166324659803	
0.0	-0.0235647198061	0.0491841328898	
0.0	-0.0385183466306	0.0597542730437	
0.0	-0.0332901201634	0.101049090741	
0.0	-0.00324705888327	0.0967602522464	
0.0	-0.00636286039157	0.0539579091475	
0.0	-0.0674877701278	0.0753334148611	
0.0	-0.0582685464583	0.0664648931905	
0.0	-0.0302211562375	0.0321430120258	
0.0	-0.013173686884	0.0623776733776	
0.0	-0.0338063697113	0.0480537963272	
0.0	-0.057367501931	0.0551126056608	
0.0	-0.069515007615	0.0542506497739	
0.0	-0.0601909942181	0.0554354853813	
0.0	-0.0244926305059	0.0695581691843	
0.0	-0.00546282960311	0.0997540648418	
0.0	-0.0408460867827	0.0706347759417	
0.0	-0.018002713977	0.0238711186881	
0.0	-0.0219126393576	0.0445908690382	
0.0	-0.00851570635978	0.0210156179942	
0.0	-0.00596821108498	0.0236792160399	
0.0	-0.00970345350436	0.111562479512	
0.0	-0.0301732440003	0.0645416829971	
0.0	0.0188027445968	0.0780735676574	
0.0	-0.00246017089847	0.0931245907723	
0.0	-0.0546420147378	0.0724415015026	
0.0	-0.01351522386	0.0633390116335	
0.0	-0.0059377517609	0.0162259115775	
0.0	-0.0619492199029	0.0929604055027	
0.0	0.00795629623264	0.0931490483973	
0.0	-0.0396538537631	0.091914437422	
0.0	-0.0453543453364	0.0122571998117	
0.0	-0.0171707145703	0.0965670693364	
0.0	-0.0118646711069	0.0849232590727	
0.0	-0.0295183490329	0.105759854612	
0.0	-0.0235217824167	0.100489302436	
0.0	0.00567981746477	0.0240911532941	
0.0	0.00988599540582	0.0318269683223	
0.0	-0.03153076696	0.0695412050604	
0.0	-0.00912760526576	0.0936093324382	
0.0	-0.0315554356803	0.0429877863776	
0.0	-0.0783351919902	0.0774026598329	
0.0	0.00665486409821	0.0254159658709	
0.0	-0.0605096959968	0.0377478331795	
0.0	-0.00116389450112	0.101910589715	
0.0	-0.0199864462943	0.0783438382226	
0.0	0.0162872120333	0.0567909638888	
0.0	-0.0522303935344	0.034285543583	
0.0	-0.0400554246783	0.0880408845695	
0.0	-0.0241645923142	0.101152779094	
0.0	-0.028386556466	0.0296326196693	
0.0	-0.0768254284367	0.0471398160953	
0.0	-0.0392669430005	0.118012372324	
0.0	-0.0168964016639	0.0486911349445	
0.0	-0.0217992742622	0.0914665673945	
0.0	-0.0551383547116	0.0370006865189	
0.0	-0.0386263965094	0.023285706694	
0.0	-0.0368403836881	0.0981456944345	
0.0	-0.0681620045752	0.0624261316714	
0.0	0.0143999184015	0.03520815656	
0.0	-0.0747284917104	0.0833014252446	
0.0	-0.058632070029	0.0791929461571	
0.0	-0.0100109427821	0.0187123392033	
0.0	-0.00755396439453	0.0500424814536	
0.0	-0.0456557430876	0.101177882123	
0.0	-0.0324463246836	0.079411053427	
0.0	-0.0119237264456	0.0780429276964	
0.0	-0.0525953333795	0.0708680018644	
0.0	-0.00747998515363	0.0691119298142	
0.0	-0.062852290298	0.0592162658303	
0.0	-0.0015323227845	0.0662202280139	
0.0	0.0193451336793	0.0432278340028	
0.0	0.0189348306896	0.0486693332697	
0.0	-0.0475288754545	0.0876705131777	
0.0	-0.0722550076964	0.0332230800822	
0.0	0.0114324080521	0.0372383945956	
0.0	-0.0156258701022	0.0114928354384	
0.0	-0.0518345187492	0.0297845378328	
0.0	-0.061479572094	0.0981915124532	
0.0	-0.070170928252	0.0565397246553	
0.0	-0.0211177522527	0.109801851395	
0.0	-0.0677340038439	0.0938891069343	
0.0	-0.0362633886492	0.0393411782418	
0.0	-0.00295708509452	0.0187043840307	
0.0	-0.0260303956955	0.0993982947252	
0.0	-0.0212170338077	0.015880014491	
0.0	-0.0314717987529	0.0730687623875	
0.0	-0.0691571732307	0.0923500171865	
0.0	-0.0207713190519	0.0311261745724	
0.0	-0.00702760563816	0.0997425152154	
0.0	-0.018201261404	0.029171914139	
0.0	-0.00777405073234	0.0720340221046	
0.0	-0.0360600003718	0.043168813408	
0.0	-0.00927936796982	0.0514212506188	
0.0	-0.0405796695507	0.0554785703553	
0.0	-0.0551824213711	0.0898351994314	
0.0	-0.00727090940206	0.0775836761723	
0.0	-0.069472006115	0.0523958741864	
0.0	-0.020342420126	0.0552059889946	
0.0	-0.00397134059246	0.0419140361764	
0.0	-0.0534533378095	0.0433674393687	
0.0	-0.060459916712	0.100166705563	
0.0	-0.0729293670165	0.0530944016689	
0.0	-0.0517125207598	0.0981468796299	
0.0	-0.0284044512174	0.0449292882886	
0.0	-0.0226844422939	0.0325050565903	
0.0	-0.0348107739851	0.0173143750572	
0.0	-0.0650572388508	0.053900956792	
0.0	-0.025561999309	0.0252259374185	
0.0	0.0114575409518	0.0365105083732	
0.0	-0.03647650539	0.0895362477064	
0.0	0.00198443443292	0.0663760064847	
0.0	-0.0712445173509	0.0549487846345	
0.0	-0.0107546767727	0.113145080457	
0.0	-0.0300810315379	0.0580977891634	
0.0	-0.058630009893	0.100996598525	
0.0	-0.0472687192393	0.0846799904977	
0.0	-0.0541716566984	0.0396034958484	
0.0	-0.0582566831995	0.0807031943738	
0.0	-0.00113027160302	0.0298097939842	
0.0	-0.0674236926116	0.085673121056	
0.0	-0.00264409756782	0.0441481138167	
0.0	-0.0304918766751	0.104641461353	
0.0	-0.0311930862685	0.0562199532441	
0.0	0.0171815434683	0.0424469414759	
0.0	0.0190581632579	0.0388244669305	
0.0	-0.00731728938635	0.02103589825	
0.0	-0.0234070358452	0.0198405587444	
0.0	-0.051208512481	0.0777246638499	
0.0	-0.0257126416615	0.0554652636397	
0.0	0.000570352433042	0.0591565756769	
0.0	0.000142611212358	0.0460773728901	
0.0	0.00625568347711	0.0880486724192	
0.0	0.00704989370441	0.0835784992791	
0.0	0.00995475626961	0.0275760635668	
0.0	-0.0599131979289	0.0256769311306	
0.0	-0.0373964335181	0.0839471233052	
0.0	0.00619479607473	0.0405417974273	
0.0	0.0221041114302	0.0615889235527	
0.0	-0.0365104044746	0.0199677890089	
0.0	0.00459131876671	0.0822443917677	
0.0	0.0175305617196	0.0573726274959	
0.0	-0.0333185111807	0.0239825501438	
0.0	-0.0554064493994	0.0978907846144	
0.0	-0.0176285105559	0.0150459634137	
0.0	-0.0165972371588	0.0185601152387	
0.0	-0.00561450022224	0.0211588038214	
0.0	-0.0277894264629	0.0121154835752	
0.0	0.0100484322985	0.0840076088302	
0.0	-0.0109527012237	0.0893383501182	
0.0	-0.0727831311138	0.0861890360323	
0.0	-0.0611687984806	0.0231295730564	
0.0	-0.0192585390471	0.0374864962392	
0.0	0.0113454018053	0.0905954530752	
0.0	-0.039581521835	0.0793781296923	
0.0	-0.00545600983082	0.0880690535827	
0.0	0.00938690437118	0.0811715598108	
0.0	-0.0262883890708	0.0235505292657	
0.0	-0.0746573528452	0.0834587054236	
0.0	-0.044599212522	0.101058754535	
0.0	0.0133547341494	0.0426792534329	
0.0	-0.042369501096	0.0151808206833	
0.0	-0.0531685921565	0.056186568888	
0.0	-0.0314386385957	0.0266662673833	
0.0	-0.0194739165779	0.0206074157422	
0.0	0.00238208927083	0.107258546897	
0.0	-0.0197340968103	0.0504064391459	
0.0	-0.0303497047228	0.0420334810724	
0.0	-0.0458360254891	0.113039364996	
0.0	-0.0217361792338	0.0508061736731	
0.0	-0.03506055657	0.0688508292984	
0.0	-0.0489939576803	0.0521282402325	
0.0	0.0134166728264	0.0504792160731	
0.0	-0.0391384037189	0.062132241701	
0.0	-0.0480872519908	0.115273005129	
0.0	-0.0288052110879	0.0258743202744	
0.0	-0.037921455745	0.0962190746979	
0.0	-0.0215402031707	0.0312012677316	
0.0	-0.0488662201392	0.0355184879268	
0.0	0.0089932681414	0.0757646595339	
0.0	-0.0540504776984	0.0981775572883	
0.0	-0.0227424004986	0.104394493391	
0.0	-0.0385522634244	0.0764004897537	
0.0	0.0174689586029	0.0288357677976	
0.0	-0.0519823821628	0.0635782730831	
0.0	-0.0222757340928	0.0552208180841	
0.0	-0.0330444818878	0.0935280251952	
0.0	0.0140740698292	0.0784287945677	
0.0	-0.0262748048899	0.022445075369	
0.0	-0.00163961528396	0.0839916508794	
0.0	-0.0529782775969	0.103228776083	
0.0	0.00888094475888	0.0556769667704	
0.0	-0.00127320880049	0.0553668655767	
0.0	-0.0549926800211	0.0244724512087	
0.0	-0.0362030429854	0.0887256777452	
0.0	0.0116606739536	0.0856420645787	
0.0	0.00243430150974	0.094450186907	
0.0	-0.0318348052965	0.0878900725681	
0.0	-0.0453148875146	0.0918221492534	
0.0	-0.0520932237896	0.101495872341	
0.0	-0.0094593444305	0.086495193744	
0.0	-0.0243131806241	0.112484668439	
0.0	-0.0676820847457	0.0809310513349	
0.0	-0.034895999427	0.0807829090431	
0.0	0.000140231271832	0.106491305333	
0.0	0.0107531834726	0.0922044592008	
0.0	-0.0200285904005	0.0799454803769	
0.0	-0.0495050519465	0.0253835507071	
0.0	0.0186268627831	0.0562014303481	
0.0	-0.0182913753773	0.0141610962143	
0.0	0.0136324654368	0.0819797918972	
0.0	-0.051328034782	0.0151143554482	
0.0	-0.0177612679148	0.107831019418	
0.0	-0.00641318852046	0.0167294909188	
0.0	-0.0459208083961	0.101344487655	
0.0	-0.0717748227384	0.046000549699	
0.0	0.021472464857	0.0796896432127	
0.0	-0.0478144546493	0.07029735224	
0.0	-0.0368466997686	0.0186524652846	
0.0	-0.00508555859855	0.0204196601498	
0.0	0.00938625353859	0.0884180090085	
0.0	-0.00838950415571	0.0479254891238	
0.0	-0.0522087614368	0.0710663391703	
0.0	-0.0497939050215	0.017089421187	
0.0	-0.0136851343308	0.0510435877961	
0.0	0.0071457220836	0.0249227599427	
0.0	-0.0238951236984	0.0853880773134	
0.0	-0.0163387905816	0.0952383263194	
0.0	-0.0453205030942	0.072587364865	
0.0	-0.0563512251842	0.0875447065602	
0.0	0.00852098584374	0.0612561681858	
0.0	-0.0577196269733	0.0263847500158	
0.0	-0.0672971655645	0.0432420049892	
0.0	-0.0240285079791	0.0216469973265	
0.0	-0.0178115486168	0.03948394955	
0.0	-0.0355499874748	0.098305653196	
0.0	-0.0469909666077	0.0959545358216	
0.0	-0.0482137372527	0.0264236514212	
0.0	-0.0319745560508	0.113462828752	
0.0	0.0151712982933	0.0413917321914	
0.0	0.00864323128795	0.0943262331328	
0.0	-0.0301875734386	0.067722100432	
0.0	-0.00433717654954	0.0403173886303	
0.0	-0.0154349827939	0.0877740738184	
0.0	0.00960602749251	0.0818670393985	
0.0	0.00340825369072	0.0919105137934	
0.0	-0.0697226918568	0.0598064179578	
0.0	-0.0654548659997	0.0784304439661	
0.0	-0.0276555835819	0.0916853885108	
0.0	-0.0307897323664	0.0092072242272	
0.0	-0.0291669049727	0.0106990772408	
0.0	0.0133855198619	0.0925681846626	
0.0	-0.0149410521974	0.0414848128454	
0.0	0.00877431555602	0.0935281742021	
0.0	0.0100602030457	0.0658947424264	
0.0	-0.0468422642806	0.0791305020444	
0.0	-0.0378281630737	0.0285653180314	
0.0	-0.0560014613254	0.0801235503788	
0.0	-0.0256266180517	0.0233689927035	
0.0	-0.0598894237239	0.0549845675894	
0.0	-0.0174421939082	0.0712930716621	
0.0	0.0113265090221	0.077950987616	
0.0	-0.0280871155499	0.080618745499	
0.0	-0.030805422269	0.0613639167911	
0.0	0.0202629472088	0.0452784138624	
0.0	0.0153734395374	0.0464208903628	
0.0	0.0158579760445	0.0701595965622	
0.0	-0.00899120699484	0.0950633684167	
0.0	-0.0343719795021	0.0620790335444	
0.0	0.019076917226	0.0332635261527	
0.0	-0.0491463524415	0.0603901180545	
0.0	0.0103475274561	0.0869473978946	
0.0	-0.0168476859024	0.0665664593069	
0.0	-0.0449496269652	0.1066282162	
0.0	-0.0387836954662	0.0742718564276	
0.0	-0.00709103064765	0.0520509301392	
0.0	0.00490464790224	0.0253237688836	
0.0	-0.0358637412903	0.0284042896655	
0.0	-0.0437145501704	0.012066306661	
0.0	-0.0193663411406	0.0824444862157	
0.0	-0.0205794773572	0.043883662292	
0.0	-0.0698240985617	0.0793925116043	
0.0	-0.0348942774195	0.0857557643479	
0.0	-0.0332115595858	0.119288691936	
0.0	-0.0526953677105	0.0641922128087	
0.0	-0.0208953167103	0.116006779166	
0.0	0.0146673415279	0.0861986074008	
0.0	-0.000609435091302	0.070507826428	
0.0	-0.0579552826242	0.0598647876297	
0.0	-0.031079998235	0.103269409044	
0.0	-0.0380699299304	0.0929018021901	
0.0	-0.0472170010034	0.0432794375138	
0.0	-0.0142657299264	0.103393521489	
0.0	-0.0165111551091	0.0258243321486	
0.0	-0.0319776311722	0.0819677112272	
0.0	0.00864253334446	0.0791347139016	
0.0	-0.0139380152055	0.113845000348	
0.0	-0.0466573044954	0.056955969523	
0.0	-0.063144926287	0.0723501200936	
0.0	-0.0686675263604	0.0381799575879	
0.0	-0.0453360443842	0.060296887748	
0.0	-0.00831427719048	0.111782597594	
0.0	-0.043023113664	0.0794845392167	
0.0	-0.0306494394837	0.0451087923945	
0.0	-0.0627855619277	0.0859392254562	
0.0	-0.0164466804275	0.022915708067	
0.0	0.0209290610785	0.052543807416	
0.0	-0.00610570389875	0.102793648599	
0.0	-0.0417911834631	0.0903948150037	
0.0	-0.0406448255249	0.0599560083558	
0.0	-0.0802758805446	0.0726767810799	
0.0	-0.0191858578874	0.102294773363	
0.0	-0.00616240738379	0.0137628827265	
0.0	-0.0380234772266	0.0857141919903	
0.0	-0.0204014131477	0.0119601076197	
0.0	0.0117052991676	0.0925111444251	
0.0	-0.00442995269131	0.0711960365359	
0.0	0.0079247775683	0.0960540714085	
0.0	-0.0041126720935	0.107628197028	
0.0	-0.0243368318102	0.0326028868503	
0.0	-0.0461475709564	0.0159168462642	
0.0	0.00131192951329	0.0872198418691	
0.0	-0.0345300264396	0.0490496234227	
0.0	-0.0559934042446	0.0517947128106	
0.0	-0.0390879140137	0.027205811807	
0.0	-0.0227776814861	0.113231833528	
0.0	0.00127387684	0.106477416591	
0.0	-0.0622163324708	0.0582828939435	
0.0	-0.0341017286448	0.111254699215	
0.0	-0.0503951728481	0.0711673679127	
0.0	-0.06200464386	0.0403820631825	
0.0	0.00839178780353	0.0366906938868	
0.0	-0.0555106828886	0.071667183866	
0.0	-0.0300074957474	0.0720023362991	
0.0	-0.0488440229107	0.102225055283	
0.0	0.00682938173819	0.102185721002	
0.0	-0.0193033554536	0.0770315060819	
0.0	-0.0643705746432	0.0554626389913	
0.0	-0.0396534701897	0.0655742955958	
0.0	-0.0324851115477	0.0482823121332	
0.0	-0.044662684444	0.0369456204759	
0.0	-0.0161738355936	0.0814127266702	
0.0	-0.00212695251838	0.101034303915	
0.0	-0.0260623896339	0.0907112325551	
0.0	-0.0377951225053	0.0713859423589	
0.0	-0.0729087249873	0.0551512834491	
0.0	-0.0562519242851	0.0497047884163	
0.0	-0.00479000097172	0.0972202738508	
0.0	-0.0230212837367	0.0173611332642	
0.0	-0.0325916422504	0.0962005140188	
0.0	-0.0425505440378	0.072172775765	
0.0	-0.0618401602856	0.0756580154311	
0.0	-0.0120294868413	0.0825820616656	
0.0	-0.00841470567242	0.0522729606855	
0.0	-0.0644633861679	0.0822953935747	
0.0	-0.018627941019	0.0624157071157	
0.0	-0.0334448774146	0.0673593904638	
0.0	-0.0564494735331	0.0528031381353	
0.0	-0.0507503489317	0.015829821636	
0.0	0.0270517937869	0.0857507953029	
0.0	0.0142055797353	0.0875016162403	
0.0	0.0162408802208	0.0462173043134	
0.0	0.000972192182021	0.0189565247491	
0.0	-0.0667899160227	0.0725543606417	
0.0	-0.0589659491985	0.0467830376887	
0.0	-0.0308158891718	0.0771304636436	
0.0	-0.061708666959	0.0919383032632	
0.0	-0.0537712257573	0.100867722706	
0.0	-0.0249829446901	0.100986275009	
0.0	-0.0730011983668	0.0774591946347	
0.0	-0.061420608247	0.0953524200941	
0.0	-0.0467562149023	0.0972420987413	
0.0	-0.00533482062125	0.0195566116513	
0.0	-0.0717891422931	0.0839662452786	
0.0	-0.0547755405602	0.073621670102	
0.0	0.0140485289326	0.0977117529543	
0.0	-0.0660054689452	0.0835021820249	
0.0	-0.00324344593539	0.0223922688692	
0.0	-0.0363525146252	0.108861015226	
0.0	-0.0177515830516	0.0724515096951	
0.0	0.000695062144789	0.100306541765	
0.0	0.0114186270508	0.0525286384393	
0.0	0.0102861717314	0.0614738012664	
0.0	-0.0600483483866	0.0993171062981	
0.0	-0.0205844633873	0.0339699471584	
0.0	-0.0359394442463	0.10741241859	
0.0	-0.0473734730875	0.0929270041527	
0.0	0.000767001510842	0.0958612620041	
0.0	-0.0546396432436	0.0981345930676	
0.0	0.0163768143151	0.0421962692566	
0.0	-0.0322862434333	0.0282405779671	
0.0	0.0120322652877	0.0778353189455	
0.0	-0.00678240277994	0.108551167321	
0.0	-0.0749438789446	0.0451051366691	
0.0	-0.0146829677406	0.060399183647	
0.0	-0.0421325647014	0.0960132992411	
0.0	-0.0370822892136	0.0928149478995	
0.0	-0.0308963695009	0.0976470331213	
0.0	-0.0273910818475	0.0351802617934	
0.0	-0.0704999169614	0.0873446650053	
0.0	-0.00438629853896	0.0914836993459	
0.0	-0.0175972875626	0.096044427013	
0.0	-0.0223398318485	0.0882807529157	
0.0	0.0128860958963	0.0815820441155	
0.0	-0.000352970201152	0.022535635841	
0.0	-0.0666206636484	0.0356518309226	
0.0	-0.0125667754338	0.0376108726476	
0.0	0.0208975513499	0.0616083439207	
0.0	-0.0060877129572	0.0687683863953	
0.0	0.021384306837	0.0854592093927	
0.0	-0.0192353390951	0.0430122098214	
0.0	-0.00616947734323	0.034182733126	
0.0	-0.0563556658016	0.096259531809	
0.0	-0.0246025913096	0.093824469128	
0.0	0.0121261654592	0.029700806711	
0.0	-0.0113254550886	0.0584625226708	
0.0	-0.0191689163363	0.0413606288888	
0.0	0.00122392426961	0.0173393285891	
0.0	-0.0217037632832	0.0501021585214	
0.0	0.0215402970917	0.0604414973145	
0.0	0.0047023272603	0.037655803936	
0.0	-0.050159663364	0.0965753015003	
0.0	-0.0413417177583	0.0344156511817	
0.0	-0.0331421494003	0.0484846850122	
0.0	-0.0319841306435	0.0628274126268	
0.0	0.00359862902776	0.0483924818715	
0.0	-0.0404633059868	0.0286909143639	
0.0	0.018775678971	0.062177420567	
0.0	-0.0441431437905	0.0933725900294	
0.0	0.013670766821	0.0472951923437	
0.0	0.00734829163492	0.0784490309158	
0.0	-0.0118327953843	0.0855487796356	
0.0	-0.0382765757537	0.0721730829048	
0.0	-0.0272534308051	0.119486231292	
0.0	-0.0454314567657	0.0144091095872	
0.0	0.00167814756441	0.0879270090034	
0.0	-0.0335591715475	0.0988805835173	
0.0	-0.0129442889223	0.0333020128554	
0.0	-0.0535993358547	0.0673092210757	
0.0	-0.04081321101	0.110326064637	
0.0	-0.0740519282127	0.0866579512211	
0.0	0.0078932739715	0.0737313204441	
0.0	0.023429737406	0.0594778360315	
0.0	-0.00114066162884	0.0191588189835	
0.0	-0.0117662421791	0.100431552062	
0.0	-0.0160168362332	0.110343429731	
0.0	-0.0529543885356	0.018403544121	
0.0	-0.0108879413562	0.0989413765053	
0.0	-0.00383248221198	0.0341943807061	
0.0	-0.0571575124619	0.0887814360695	
0.0	-0.0714398655211	0.0613030844377	
0.0	0.0019375112199	0.0472974464883	
0.0	0.0087037561802	0.0232771098193	
0.0	-0.00845290877878	0.110831945266	
0.0	-0.0435467159182	0.0307780625951	
0.0	-0.0326841114017	0.0979699169272	
0.0	-0.0336931989541	0.0232558075919	
0.0	-0.0201821163943	0.0927418240233	
0.0	-0.0727582644514	0.0845491724659	
0.0	-0.0677886012675	0.0467812689858	
0.0	0.00313808213355	0.100532705873	
0.0	-0.00761085069224	0.109165693611	
0.0	0.0205052708526	0.0884975770609	
0.0	-0.0257432998893	0.0398265806436	
0.0	0.00279247982195	0.0514419718162	
0.0	0.00772447723304	0.0262585830755	
0.0	-0.0695248280695	0.0679737551643	
0.0	-0.0777372371114	0.0727852773239	
0.0	-0.0124161579562	0.037494826351	
0.0	-0.0444236379995	0.0424718305968	
0.0	0.00989345798295	0.0249657579137	
0.0	-0.00727473756214	0.0549205503149	
0.0	-0.0272471338598	0.0734630989345	
0.0	-0.016120484524	0.0244710740847	
0.0	-0.06603895004	0.0775547448247	
0.0	-0.0244742071304	0.0410498393553	
0.0	-0.00276458952998	0.0335350873667	
0.0	-0.0507390169316	0.0404362167522	
0.0	-0.0333426416198	0.0546167944168	
0.0	-0.0668686323498	0.0648121661357	
0.0	0.00631997816122	0.0232816331119	
0.0	-0.0293778203281	0.0637423037756	
0.0	-0.00413800139644	0.0527744000449	
0.0	-0.020147534539	0.0216641495045	
0.0	0.0159039746892	0.067918211024	
0.0	-0.01866153169	0.0779993126228	
0.0	-0.0618798752397	0.0895298881997	
0.0	-0.0424646736214	0.0272680515824	
0.0	0.00383162638432	0.0854464136594	
0.0	-0.039969004903	0.0259062835582	
0.0	-0.0279500953768	0.117047240688	
0.0	-0.0537823486485	0.106297973498	
0.0	-0.00414737079302	0.0623394961783	
0.0	-0.0351086399674	0.112522534275	
0.0	-0.0545009536911	0.0701380327946	
0.0	-0.0130525752798	0.0300824682908	
0.0	-0.0581805933068	0.0249286864922	
0.0	-0.0339130005443	0.0571431988566	
0.0	-0.0190462605786	0.095431330867	
0.0	-0.0728337252706	0.078023489762	
0.0	-0.0421363754793	0.111708733483	
0.0	0.0123294554836	0.0490996318106	
0.0	-0.00795072035768	0.0478065013665	
0.0	-0.0279475779008	0.0971329749596	
0.0	-0.0523043844707	0.0605662808195	
0.0	0.00959939951068	0.0444486172004	
0.0	-0.0630569973977	0.0955945689187	
0.0	0.0162955632363	0.0442482761284	
0.0	-0.0232325211915	0.0270017051082	
0.0	-0.0066644291205	0.0253860859971	
0.0	-0.0249033954307	0.0540553658596	
0.0	-0.0650272283663	0.086007845756	
0.0	-0.0359505996523	0.0869772811864	
0.0	-0.0345893388927	0.1118885779	
0.0	-0.0447777843277	0.0950709269945	
0.0	-0.0392092164912	0.114084957095	
0.0	-0.0788748973121	0.0659903925075	
0.0	-0.0316331887694	0.0191603010716	
0.0	0.0181826583981	0.091974663801	
0.0	-0.0378351646452	0.0279520804328	
0.0	-0.0708089154384	0.0345122327945	
0.0	-0.0439898916898	0.0963516722014	
0.0	-0.0275839493382	0.114407815159	
0.0	-0.0678104805218	0.0887528871225	
0.0	-0.00345818836782	0.101475293847	
0.0	-0.0472888097187	0.0267410578505	
0.0	-0.0401222233249	0.102269367549	
0.0	-0.0265293229367	0.0155678854542	
0.0	0.008966650303	0.0285072164968	
0.0	0.0215209116908	0.054854750588	
0.0	-0.0185121197261	0.0190554933207	
0.0	-0.0663063417132	0.0373337421321	
0.0	-0.0236449508707	0.0327598040363	
0.0	0.0140871561284	0.101573806408	
0.0	0.0196152692051	0.0545794683212	
0.0	-0.0497082810799	0.082277125826	
0.0	-0.041332209174	0.0298274381604	
0.0	-0.0232784347632	0.0233195625549	
0.0	-0.0442302883975	0.0514641843523	
0.0	-0.000341483957251	0.110417671428	
0.0	-0.0108372864421	0.0140389788787	
0.0	-0.00488563659174	0.0883792244231	
0.0	0.00118458765684	0.105173965027	
0.0	-0.0132380338596	0.0528673718028	
0.0	-0.02861067151	0.110736597678	
0.0	0.0137212564357	0.030050580044	
0.0	0.0151479560066	0.0751977748881	
0.0	-0.0208532025806	0.111782154943	
0.0	-0.0326399828883	0.111345114	
0.0	-0.0355357114438	0.0636864226668	
0.0	-0.0449280690246	0.0840856415316	
0.0	-0.0585634994425	0.0718009103749	
0.0	-0.0329339020909	0.0636986193969	
0.0	-0.00293719085257	0.0557030852366	
0.0	-0.0155062645222	0.0404688351764	
0.0	0.00792025802188	0.0268256864236	
0.0	0.0209214302505	0.0544104709218	
0.0	0.00592774656787	0.0370878286079	
0.0	-0.060174537262	0.0591065760901	
0.0	-0.0588417403617	0.101076991474	
0.0	-0.0360756625453	0.0833011399883	
0.0	0.0037732006675	0.0605900320137	
0.0	-0.0289174281848	0.0752005682017	
0.0	-0.0179100097106	0.0652982697409	
0.0	-0.0372932523243	0.0830165691006	
0.0	0.0196312802935	0.0503847037725	
0.0	-0.0248680489503	0.0109169238495	
0.0	-0.0284192751482	0.0412430495985	
0.0	0.0203579559103	0.05143454003	
0.0	-0.0766334686564	0.051353431558	
0.0	-0.0109842658766	0.0113181466368	
0.0	-0.0480243914791	0.0290750936667	
0.0	-0.00992814827418	0.0878881993508	
0.0	-0.0179249906392	0.0623040849138	
0.0	-0.0348665569904	0.0403839451278	
0.0	-0.0649991643769	0.0367381152213	
0.0	-0.0105180125642	0.107911221152	
0.0	0.0191137540683	0.0429388665463	
0.0	-0.0160687919866	0.0521581274333	
0.0	0.00750084607836	0.0308758595466	
0.0	0.0146972046514	0.0572305913634	
0.0	-0.0730804749471	0.0503946571792	
0.0	-0.00298386732221	0.0465356321674	
0.0	-0.0552875201314	0.0585160886435	
0.0	-0.00381623037705	0.0785797464959	
0.0	-0.018396787724	0.0447723214357	
0.0	-0.0164356491743	0.0322042516655	
0.0	0.00855040201482	0.0519669571528	
0.0	0.0067921512475	0.0858662946604	
0.0	-0.0152453634552	0.0721769441044	
0.0	-0.0523988397042	0.0167666264826	
0.0	-0.00717847262179	0.0115218921487	
0.0	-0.0566012412246	0.0985786161213	
0.0	-0.0214103073048	0.0970583109305	
0.0	0.00430767493793	0.0959625077082	
0.0	-0.0504082290392	0.107230726504	
0.0	-0.0484890213663	0.0739596801371	
0.0	-0.0285232911227	0.102833709244	
0.0	-0.074134554869	0.0371677217595	
0.0	-0.0371868706787	0.115368763542	
0.0	-0.0568726481706	0.0187790726133	
0.0	0.012482272144	0.0936091531356	
0.0	-0.0349536153727	0.091715083152	
0.0	0.0151412625018	0.0880663769688	
0.0	0.0115733178364	0.0384528054343	
0.0	-0.0152049718973	0.0448942051076	
0.0	0.012125614345	0.103177236852	
0.0	-0.0370346738742	0.0695072060093	
0.0	-0.00984459831784	0.086680112764	
0.0	-0.0299246877138	0.0976068668942	
0.0	-0.0367912247384	0.0170589949023	
0.0	0.01499368574	0.0867473493395	
0.0	-0.0387579609824	0.020338798944	
0.0	-0.0725777024971	0.0565059907547	
0.0	-0.0417172468328	0.0828900014038	
0.0	-0.0157632470826	0.100602282405	
0.0	-0.0323335013147	0.0548477874378	
0.0	0.0216742901784	0.0609770411796	
0.0	-0.00896524296243	0.0246152822745	
0.0	-0.0666903339501	0.0900907509873	
0.0	-0.0172649663662	0.108689438712	
0.0	0.0106632861207	0.0807349990371	
0.0	-0.0537776842108	0.0580777722433	
0.0	-0.0651622330545	0.0780810119443	
0.0	-0.0559618520442	0.0520038071198	
0.0	0.00571916488473	0.0483030265615	
0.0	-0.030291566797	0.0188982395867	
0.0	0.00798528029081	0.0259450727873	
0.0	-0.0269145719768	0.0577041790756	
0.0	-0.0294321024619	0.113683037715	
0.0	-0.0372115784388	0.040427233447	
0.0	-0.00910472108407	0.0726414834215	
0.0	-0.0202187934132	0.0287331058681	
0.0	-0.0156610102358	0.102727979163	
0.0	-0.05005920385	0.0605626012582	
0.0	-0.0252593211174	0.0239074408989	
0.0	-0.0321538605189	0.0743274829281	
0.0	-0.00606628756049	0.108581928956	
0.0	-0.00113042625435	0.0973975050276	
0.0	-0.0755122479489	0.0476622916647	
0.0	-0.0290177230743	0.0513286768814	
0.0	0.0145770024476	0.0835031027086	
0.0	-0.0336988272774	0.0115018592064	
0.0	-0.0316348836994	0.0814427351733	
0.0	0.0201522329568	0.0500506368999	
0.0	-0.0424927185498	0.101008704183	
0.0	0.00662155288151	0.0277735807619	
0.0	-0.00681376572632	0.082262403375	
0.0	0.00212489852197	0.0278917049553	
0.0	-0.0101906624996	0.100233823428	
0.0	-0.0425174831457	0.0727319767252	
0.0	-0.0350961123133	0.0523007307855	
0.0	-0.0498715104518	0.0730859961417	
0.0	-0.0384722712282	0.0952113557355	
0.0	-0.0369348260843	0.0316146276854	
0.0	-0.019565909362	0.118664028949	
0.0	-0.00709251720702	0.0348129668991	
0.0	-0.0394483407037	0.0493224878589	
0.0	0.0161423298724	0.0727994084843	
0.0	-0.0393266257185	0.0361335746121	
0.0	-0.0486057821142	0.0759506864968	
0.0	-0.0245439290427	0.0897316586359	
0.0	-0.0804469865326	0.0725086090732	
0.0	-0.0236630982704	0.0745566164103	
0.0	-0.0166856648957	0.089432878029	
0.0	0.00722696208593	0.0500609919689	
0.0	0.0169158993559	0.0789327526873	
0.0	-0.0324170690373	0.0530776266224	
0.0	-0.0300486997495	0.0349419351228	
0.0	-0.0245456149802	0.0620130605939	
0.0	-0.0235044691545	0.0686331342868	
0.0	0.0199316608855	0.0608699188446	
0.0	-0.0757112040337	0.0470436226513	
0.0	-0.0351061634115	0.0885127866234	
0.0	-0.00956882733841	0.0886374356468	
0.0	-0.0240524079703	0.0841752269231	
0.0	-0.0491257974186	0.0637554160606	
0.0	-0.074096759865	0.070122418918	
0.0	-0.0144401369069	0.0281059522068	
0.0	0.0150485093847	0.0520179290356	
0.0	-0.0511236032939	0.016303283577	
0.0	-0.00711146323087	0.0952817422221	
0.0	0.0197037787597	0.0789640607684	
0.0	-0.0156654643477	0.0669170419574	
0.0	-0.0604932070587	0.0973709008644	
0.0	-0.032580621444	0.0387051069376	
0.0	-0.0348312673556	0.083940448124	
0.0	-0.032389236099	0.0889155900447	
0.0	-0.044186562306	0.0402478149556	
0.0	-0.0296012943439	0.094609624257	
0.0	-0.0248842175507	0.0122991473503	
0.0	-0.000352012075399	0.0555279066923	
0.0	-0.0632667676656	0.0640154291185	
0.0	-0.0387914192288	0.0772428963567	
0.0	-0.00904227734325	0.0925904502449	
0.0	-0.0264695496058	0.0162451001617	
0.0	-0.0226286055198	0.074526690848	
0.0	-0.0728036191925	0.05837110152	
0.0	-0.0327188395823	0.0698820708075	
0.0	-0.0728317638256	0.083907980252	
0.0	-0.0484588451961	0.0410607447468	
0.0	-0.0383467597618	0.110799047974	
0.0	0.0127588711237	0.087236359269	
0.0	0.00801561471582	0.0409345410959	
0.0	-0.000473679707125	0.0550460674276	
0.0	-0.0434764188676	0.0643878205484	
0.0	-0.0457220622594	0.0293375167322	
0.0	-0.0399723275027	0.0771472143701	
0.0	-0.030601689935	0.085878791266	
0.0	-0.0311923247431	0.113682551171	
0.0	-0.0415455209673	0.079272269022	
0.0	-0.0487060790636	0.0844615332308	
0.0	-0.0217438791459	0.0551199851357	
0.0	-0.0485922194147	0.0788036588903	
0.0	-0.0313201753802	0.0884942189966	
0.0	-0.00888125807949	0.0582214922157	
0.0	-0.0135051328157	0.0806382631782	
0.0	-0.0434092289984	0.0314088161466	
0.0	-0.0733702365291	0.0763567360527	
0.0	-0.0286553887351	0.0363452609088	
0.0	0.00701170424213	0.0538610446779	
0.0	-0.0365886462608	0.0706041513718	
0.0	-0.0250717667333	0.0626203638899	
0.0	0.0197671175453	0.0582560367328	
0.0	-0.0733461557376	0.0840002665088	
0.0	-0.0320820363161	0.0160965678795	
0.0	-0.0459791441608	0.0704878458372	
0.0	-0.0233764980112	0.0647319608115	
0.0	-0.0542586059695	0.0940723644207	
0.0	-0.0653017072864	0.060778396363	
0.0	-0.0322342536077	0.0990015602425	
0.0	-0.0744900171117	0.0735688533655	
0.0	-0.0258534927057	0.0441762831077	
0.0	-0.0708508386535	0.0689934468758	
0.0	-0.036662011492	0.105014062017	
0.0	0.000801801326999	0.0877843537177	
0.0	-0.0290587561421	0.0878421312831	
0.0	-0.0308929403158	0.0840651871127	
0.0	-0.0661797718914	0.0936871695276	
0.0	-0.041728362942	0.0784869227046	
0.0	-0.0451218625903	0.0984300775184	
0.0	-0.00188590046526	0.0885949657195	
0.0	0.0150199926042	0.0773448002407	
0.0	0.0211991023838	0.0645397547918	
0.0	-0.0319822971919	0.103623462704	
0.0	-0.0414796748321	0.0948794725179	
0.0	-0.0103049467093	0.0554523342224	
0.0	-0.0305391816096	0.0712953920334	
0.0	0.0143057787432	0.0804122957876	
0.0	-0.0215473165823	0.0376026019563	
0.0	-0.0509993329919	0.0812379184576	
0.0	-0.0501388266814	0.0133073980845	
0.0	-0.0324629043546	0.0296696568399	
0.0	-0.0588076754958	0.033827901301	
0.0	-0.0308656470775	0.0665295453922	
0.0	0.0217118911409	0.0753150736998	
0.0	-0.0176790639086	0.0934760389258	
0.0	-0.0190411017936	0.0717854761751	
0.0	-0.0572952546191	0.0539642367783	
0.0	-0.0229006841569	0.0333377781938	
0.0	0.00404179663941	0.0251328261074	
0.0	-0.0663300246326	0.0835918221273	
0.0	-0.0308841618537	0.0666835210033	
0.0	-0.0314964815848	0.109344387852	
0.0	-0.0588776078782	0.103665578859	
0.0	-0.058363713351	0.0326373251371	
0.0	-0.0620954428096	0.0221341630834	
0.0	-0.0526595913688	0.0979382438857	
0.0	-0.0304130156775	0.082491105137	
0.0	-0.036541163358	0.0122791474081	
0.0	-0.0747683607659	0.0789009721582	
0.0	-0.0444032517163	0.0177635167693	
0.0	-0.0501170083087	0.1031275397	
0.0	-0.0707250104058	0.0351130540202	
0.0	-0.0494639451633	0.0782821813943	
0.0	-0.0636905012632	0.0873804125484	
0.0	-0.0277958343724	0.0558224521378	
0.0	-0.00901191306926	0.102423858581	
0.0	0.00739407216063	0.0757201814456	
0.0	-0.0351355481616	0.0765908506327	
0.0	-0.0549597491431	0.0187496393794	
0.0	-0.05382497864	0.101777022924	
0.0	-0.0615252469256	0.0864322428364	
0.0	-0.0626115898071	0.0601531316293	
0.0	-0.0225798172597	0.0792315021999	
0.0	0.0304544297286	0.0705045502859	
0.0	0.015493706488	0.0753621884006	
0.0	-0.00196728737915	0.0844640328782	
0.0	-0.0464749364038	0.0145120305217	
0.0	-0.064118639373	0.0468692245398	
0.0	-0.058207488037	0.100364810005	
0.0	-0.0261248451685	0.0583862087428	
0.0	0.00328614071358	0.0821101422355	
0.0	-0.026261387412	0.0273028792678	
0.0	-0.0133940738865	0.0526942791928	
0.0	-0.033480888187	0.0459816042272	
0.0	-0.0532311239484	0.0815129787632	
0.0	-0.0415570009036	0.0887329248271	
0.0	0.0072103267495	0.0917904114481	
0.0	-0.00676207673613	0.0267961371736	
0.0	-0.00235325959469	0.0251306429952	
0.0	-0.0776644696183	0.0828466943829	
0.0	0.0161579083083	0.0823612193079	
0.0	-0.0145641702332	0.111374539557	
0.0	-0.0512363319825	0.105502667604	
0.0	-0.0292101801192	0.104378999986	
0.0	-0.0404200499061	0.117635608225	
0.0	0.00275302136616	0.0664825020592	
0.0	-0.00603511561679	0.0960958656865	
0.0	-0.0175193771624	0.0402310912437	
0.0	-0.0379735106521	0.116742947473	
0.0	-0.032810283561	0.102825947045	
0.0	-0.0577072881972	0.0304096584558	
0.0	0.00495879921027	0.0223617528914	
0.0	-0.00452475187116	0.0212294333771	
0.0	-0.0336560527041	0.0509402698522	
0.0	-0.00675609199074	0.0128133939344	
0.0	-0.0552723317288	0.0759692741301	
0.0	-0.0110014678346	0.0877137797213	
0.0	-0.0261960530105	0.112620810876	
0.0	0.00334734404564	0.0487253109563	
0.0	-0.0376467436182	0.017830151835	
0.0	0.00200910020467	0.0403093212234	
0.0	-0.0713160319394	0.0346693535814	
0.0	-0.00820976916332	0.0178541516777	
0.0	-0.074343588849	0.0615238960567	
0.0	0.00222574358556	0.105015370459	
0.0	-0.0210393623341	0.0904373000254	
0.0	-0.0745619249018	0.0476562624981	
0.0	-0.000417128551967	0.0989105161711	
0.0	0.00518567174487	0.0462070738128	
0.0	-0.0354421528485	0.0738192948994	
0.0	-0.0156772976865	0.0635317399581	
0.0	-0.0406434183814	0.0762491410463	
0.0	-0.0104112332502	0.105159828609	
0.0	-0.0642203290062	0.0802991383352	
0.0	0.017709968863	0.0783096286609	
0.0	-0.0219773589471	0.03623868058	
0.0	-0.0573382999328	0.0330798083094	
0.0	0.0167103003718	0.0861830901409	
0.0	-0.0383232536519	0.0753411218337	
0.0	0.023318068575	0.0738678526391	
0.0	0.0140222985105	0.0362213459298	
0.0	-0.0397125933518	0.028932707849	
0.0	-0.0524461683505	0.0482056619511	
0.0	0.0209433293854	0.0674881543066	
0.0	-0.0649073403291	0.0885079718492	
0.0	-0.0519354404966	0.0819511448162	
0.0	-0.0273841840178	0.062290591446	
0.0	-0.0388988397737	0.110383006059	
0.0	-0.0237489326915	0.0188769334513	
0.0	-0.0537994289891	0.0967824119044	
0.0	0.0153173158998	0.0768426704021	
0.0	0.0244747580887	0.0607770965613	
0.0	-0.021150731132	0.0135492140298	
0.0	-0.00681866880186	0.0203011128977	
0.0	-0.0279029132026	0.0891369763415	
0.0	-0.0338667899339	0.113753037744	
0.0	0.0151744274113	0.0796568692947	
0.0	-0.0204840742745	0.0755462987811	
0.0	-0.0767260440342	0.0825358561819	
0.0	-0.0459422125404	0.0940333873218	
0.0	-0.0120924738906	0.112986235715	
0.0	0.0112774434834	0.0592494046008	
0.0	-0.0713266789953	0.0863818001567	
0.0	-0.0208969929105	0.0205893755502	
0.0	0.0182895918783	0.0467658801898	
0.0	0.0131094192419	0.0493881067804	
0.0	0.00626164994887	0.0562256415259	
0.0	-0.0568016752701	0.0754561222999	
0.0	-0.0167162187265	0.0873329106964	
0.0	-0.0239154028936	0.0361620945631	
0.0	-0.0131037188314	0.0630226812597	
0.0	-0.0319512944776	0.105994422724	
0.0	-0.0270945256072	0.0921753852991	
0.0	-0.0133498577477	0.0511161542965	
0.0	-0.0459008332762	0.0142579055816	
0.0	-0.0195860231725	0.0411419205192	
0.0	-0.071124540467	0.0440397279845	
0.0	-0.0115842272289	0.0578354426437	
0.0	-0.00538066059265	0.104483693873	
0.0	0.026664260004	0.0617531972787	
0.0	-0.0396145707374	0.102420485941	
0.0	-0.0184096125774	0.0381931368927	
0.0	-0.047686000449	0.0837481382053	
0.0	-0.0361567827765	0.0829057007629	
0.0	0.00780680218966	0.0258440361297	
0.0	-0.0318407444696	0.0271586604866	
0.0	-0.0635709869676	0.0957810200077	
0.0	-0.00269881713473	0.0855642663807	
0.0	-0.0412492827581	0.0393763681788	
0.0	-0.0385499290302	0.057507213316	
0.0	0.016314828251	0.0382310367211	
0.0	-0.0363272622284	0.0765013312019	
0.0	0.0175309684771	0.0319523431925	
0.0	0.0112920089592	0.0258130459756	
0.0	-0.0111107556055	0.0855890340077	
0.0	-0.00842251570204	0.0767734617003	
0.0	-0.00601682374109	0.0890893799233	
0.0	0.00612639346299	0.0894834182516	
0.0	-0.0233403281105	0.0936059692896	
0.0	-0.0241924310483	0.0512917502311	
0.0	0.000141050659661	0.0870317807005	
0.0	-0.042626586917	0.073808829471	
0.0	-0.0493910545382	0.0786060512538	
0.0	-0.00388066165287	0.0808043136259	
0.0	-0.0263869061137	0.0229545609548	
0.0	-0.00719804452221	0.0761205488029	
0.0	-0.066677726955	0.085109984455	
0.0	-0.0548513160554	0.0549704243053	
0.0	0.0102843380239	0.0281112836387	
0.0	0.00271830696983	0.0445942028079	
0.0	-0.0226286362065	0.0405355181619	
0.0	-0.0590739938621	0.0991134256006	
0.0	-0.0475656539487	0.113215358781	
0.0	-0.038707260818	0.0687839172095	
0.0	0.0131418705992	0.0745864249873	
0.0	-0.0544948066311	0.0224191471841	
0.0	-0.0439074737696	0.0929002104259	
0.0	0.00463567128912	0.0235261106447	
0.0	-0.0286992270653	0.0237064360542	
0.0	-0.00208891268655	0.0692148569874	
0.0	-0.0798947310399	0.0618590011646	
0.0	0.0223599919104	0.0409277708918	
0.0	-0.05305759809	0.0564486885411	
0.0	0.00421360067419	0.0987943388404	
0.0	-0.000184613790762	0.0379106771715	
0.0	-0.00469972386876	0.0809152485428	
0.0	0.0119190230316	0.0811848751032	
0.0	-0.0173724714752	0.0458277712538	
0.0	-0.0146806398628	0.014290733471	
0.0	-0.0210686330925	0.0817413128427	
0.0	-0.0278369584778	0.0691812728291	
0.0	-0.02524818849	0.0257590467114	
0.0	-0.0493060411165	0.071880549551	
0.0	-0.0317951407887	0.0961696437055	
0.0	-0.053866785875	0.0304603489236	
0.0	-0.0433415746829	0.064117303566	
0.0	-0.0250389789008	0.0304356798029	
0.0	-0.0444674293567	0.0628337325656	
0.0	-0.041368820924	0.0418326428276	
0.0	-0.0374534523801	0.0934359303515	
0.0	-0.0377303020694	0.0748174031642	
0.0	-0.0654951476501	0.0515258451439	
0.0	-0.00264760386629	0.105527146821	
0.0	-0.00332560478366	0.0639743613039	
0.0	0.0180979908582	0.0824266108747	
0.0	-0.0330650356817	0.0790464333284	
0.0	0.0115848816516	0.0947625631636	
0.0	-0.00339678010582	0.0940442864159	
0.0	-0.00114588263551	0.100304064488	
0.0	-0.0267789011483	0.00935185619872	
0.0	0.0171104205388	0.0720413761543	
0.0	-0.0330606170271	0.0841344112086	
0.0	0.0196792750296	0.0702526517754	
0.0	0.012455694894	0.0704485853524	
0.0	-0.0689335633695	0.0383347840481	
0.0	-0.0213199914758	0.0869657448471	
0.0	-0.0795627544552	0.0680111854718	
0.0	-0.048519771821	0.0982934392625	
0.0	-0.0071951556141	0.108293511339	
0.0	0.014869424341	0.0792455111109	
0.0	-0.0460079362192	0.0497005127038	
0.0	-0.053791393563	0.0721312575125	
0.0	-0.0682511811183	0.08077422717	
0.0	0.0210614003998	0.0879029604609	
0.0	-0.0113354966422	0.110512367786	
0.0	-0.0385125914014	0.0680562820999	
0.0	-0.0654300595864	0.050646567062	
0.0	-0.021265105009	0.0604530437804	
0.0	-0.0112051316123	0.0596557361838	
0.0	-0.079385140265	0.050002889523	
0.0	-0.0257700032342	0.0821711706445	
0.0	-0.0537931557253	0.0399624251634	
0.0	-0.0229338326115	0.114302533502	
0.0	-0.0380915089289	0.0395019749055	
0.0	-0.0632366832432	0.0655617005643	
0.0	0.018370525081	0.0836569101988	
0.0	-0.0390056977042	0.0475845606227	
0.0	-0.00795683889112	0.0986076250678	
0.0	-0.0221415813031	0.0327601217513	
0.0	0.0245676852633	0.0724823111165	
0.0	-0.0295865917571	0.0719959032776	
0.0	-0.0584879101241	0.0252262493055	
0.0	-0.0604560825241	0.0805789933643	
0.0	0.015512865662	0.0456412655909	
0.0	-0.0512965868253	0.0312869949941	
0.0	-0.0529316644645	0.0638669779806	
0.0	-0.0405493012395	0.0249000104185	
0.0	-0.0312755407882	0.0991339428335	
0.0	-0.0248232633738	0.0710314846689	
0.0	-0.0147368674387	0.0779489738562	
0.0	-0.0418682467182	0.0271777082282	
0.0	-0.00664649304278	0.0520345852425	
0.0	-0.0586157117141	0.0964013379817	
0.0	0.00598461618463	0.0873132231903	
0.0	-0.00658699186554	0.102867455461	
0.0	-0.0152573000097	0.109092927184	
0.0	-0.0287439952267	0.0438290800794	
0.0	-0.000413121822588	0.0341294583652	
0.0	-0.029538401098	0.110619703612	
0.0	-0.0191020935838	0.111966449092	
0.0	-0.0107254731144	0.018921981006	
0.0	-0.0635005675581	0.0624126568885	
0.0	-0.0310591963506	0.102392348563	
0.0	-0.0244550395715	0.044657504353	
0.0	-0.0185953318193	0.0905212859942	
0.0	0.0035306987871	0.0571663933072	
0.0	-0.00920961875692	0.108786957501	
0.0	0.0253210560149	0.0569883246086	
0.0	0.0150217041347	0.0740342067276	
0.0	-0.0282896117533	0.0848577048671	
0.0	0.00947305633736	0.0439869604864	
0.0	-0.0564650335792	0.100991715214	
0.0	-0.0450521483853	0.0598031461162	
0.0	-0.0451197138544	0.0554314207401	
0.0	0.0104772179386	0.0632792956551	
0.0	0.00817871218178	0.0688469050889	
0.0	-0.0751513577323	0.0403634656053	
0.0	-0.01289285226	0.099228033141	
0.0	-0.0714972981085	0.0945332248595	
0.0	-0.0648453489243	0.0966820173818	
0.0	0.00987956342479	0.0289483111978	
0.0	-0.0269556164725	0.0966269238777	
0.0	0.0174002594443	0.0458301257473	
0.0	-0.0111614905413	0.0916686456183	
0.0	-0.0201629171245	0.0168668900448	
0.0	-0.0232846083207	0.0538577731241	
0.0	0.013894598987	0.0767338719079	
0.0	-0.0363301147164	0.0377514414281	
0.0	-0.041352220585	0.030156239867	
0.0	-0.0690010911378	0.0687979278953	
0.0	0.0222616517544	0.0709951106534	
0.0	-0.0231538739941	0.0822425524826	
0.0	0.0246166309138	0.0475062535283	
0.0	-0.00613640697738	0.0417145765176	
0.0	-0.00830191397581	0.0512932825996	
0.0	0.0175691858355	0.0810375574809	
0.0	-0.0355693894097	0.0722801746034	
0.0	-0.0221591993351	0.0189742563768	
0.0	0.00641777199094	0.0655621387141	
0.0	-0.0573382019275	0.0385265151002	
0.0	0.00117642458745	0.053872066305	
0.0	-0.06476844781	0.076118348972	
0.0	-0.03487609783	0.0113777866059	
0.0	-0.0586045418568	0.088261418317	
0.0	-0.0122871681752	0.0246515938521	
0.0	0.0116310095575	0.079610825382	
0.0	-0.062454283983	0.083345571031	
0.0	-0.0289090972855	0.0889116591594	
0.0	-0.0033473192124	0.10204260975	
0.0	-0.0135004902441	0.066236867776	
0.0	-0.00475724993647	0.0705875497407	
0.0	-0.0096284105762	0.0534802529732	
0.0	-0.0456267484456	0.0202306780403	
0.0	-0.0570027997103	0.0432024011992	
0.0	-0.0461811048397	0.081421838138	
0.0	-0.0179346058975	0.0735859239451	
0.0	-0.0348210477922	0.0888462999483	
0.0	-0.0219711473705	0.0694358988318	
0.0	-0.0052957036608	0.0733247428224	
0.0	-0.0340615512111	0.0704111379753	
0.0	0.0256771747534	0.0559076838857	
0.0	-0.00360460979238	0.0509891323908	
0.0	-0.0062847848146	0.0912589431491	
0.0	-0.0345173423393	0.0112493460471	
0.0	-0.0690288313348	0.0738446176731	
0.0	0.0200497872728	0.0706305934441	
0.0	-0.0588029379272	0.0479856927097	
0.0	-0.0729803123281	0.0729279854658	
0.0	-0.0562347255251	0.0793699263217	
0.0	-0.0652075602822	0.0315553416924	
0.0	-0.0550388771766	0.0202019520927	
0.0	-0.0381321421962	0.0547722969228	
0.0	-0.0595809725378	0.0998092303568	
0.0	-0.0348365662049	0.0519340514862	
0.0	0.0186309111953	0.0924602225404	
0.0	-0.022962017053	0.025484875876	
0.0	-0.0343623260983	0.0339079234251	
0.0	-0.0127719421935	0.0769829189673	
0.0	-0.0403055756405	0.0718438269016	
0.0	-0.0482662580462	0.0706257552661	
0.0	-0.0333360761538	0.110067894868	
0.0	-0.0351749110006	0.0708864485066	
0.0	-0.0187596309743	0.057945936156	
0.0	-0.050572963454	0.0485324902025	
0.0	-0.0538556269037	0.0246727197088	
0.0	-0.0115492208253	0.0952137749855	
0.0	0.0130201900721	0.0807999282021	
0.0	0.0135898872155	0.0486947863251	
0.0	0.00801534275579	0.085968816304	
0.0	-0.0430764520582	0.10362439087	
0.0	-0.0617184997698	0.0416636392337	
0.0	-0.0455480977451	0.0684992165818	
0.0	-0.0359997547483	0.0984259484381	
0.0	0.0226012264126	0.0639950599974	
0.0	-0.0429729594971	0.101552454243	
0.0	-0.00415350651602	0.106792088325	
0.0	-0.0243971361129	0.0406832217393	
0.0	2.28053683394e-05	0.037174297647	
0.0	-0.0362334107268	0.0955356326151	
0.0	-0.044406789792	0.0917572834201	
0.0	0.0103323873444	0.0941919612164	
0.0	-0.0701233948964	0.029688712036	
0.0	0.012521150397	0.089781171323	
0.0	-0.0421357579389	0.10072055597	
0.0	-0.0136557798747	0.0960863524447	
0.0	-0.0342291511765	0.0711588825735	
0.0	-0.002771945574	0.11260753493	
0.0	-0.0357966502782	0.0977148779041	
0.0	-0.0375780282482	0.0336342934092	
0.0	-0.0679060304636	0.0530648723139	
0.0	-0.0598893020161	0.0212395862483	
0.0	-0.0377223505552	0.0436520439451	
0.0	-0.0403125904515	0.0372314181001	
0.0	-0.0149131892993	0.0146338784829	
0.0	-0.0169772208254	0.014187819187	
0.0	-0.0135687059221	0.066705370808	
0.0	-0.00846372028215	0.0245450903463	
0.0	-0.0148693032728	0.0683406986583	
0.0	0.00344561843519	0.0356514755547	
0.0	-0.05444227002	0.0728458545278	
0.0	-0.0695766792136	0.0673457795285	
0.0	-0.0636191083994	0.0754920981585	
0.0	-0.0241177426958	0.0948074878033	
0.0	0.0146564885294	0.0435267246492	
0.0	-0.02398106556	0.0392239797514	
0.0	-0.0775709997371	0.0715077809685	
0.0	-0.0508421976667	0.0857661631022	
0.0	-0.00194374902232	0.102579613288	
0.0	-0.0756299055109	0.0713907083298	
0.0	-0.0396116187327	0.0562763628638	
0.0	-0.0114379957296	0.0933971907321	
0.0	-0.0382314519633	0.056237771728	
0.0	-0.0763861465945	0.0831335859887	
0.0	0.00705243997904	0.078334218414	
0.0	-0.00858798708876	0.0962718522708	
0.0	0.00991982247283	0.0335762701962	
0.0	-0.0696167467965	0.0891051759043	
0.0	-0.0441539788267	0.0282423680181	
0.0	-0.0715949132936	0.0852234636407	
0.0	-0.0240766279246	0.0321181856476	
0.0	-0.0193803558672	0.0208128370407	
0.0	-0.0661253091739	0.0748436499386	
0.0	-0.0176616287939	0.00905144736205	
0.0	0.00785953404048	0.0906249636154	
0.0	-0.00591353272942	0.0940292796219	
0.0	-0.0222519764027	0.102353946897	
0.0	-0.0125387203232	0.01598177265	
0.0	0.0157279841495	0.0393553579929	
0.0	-0.00520838667513	0.0953388638457	
0.0	0.0129561160262	0.0940753572369	
0.0	-0.0266328534872	0.0715199928992	
0.0	-0.0672890934962	0.033278505904	
0.0	0.00478812092725	0.101623218094	
0.0	-0.0701963722043	0.0447065624596	
0.0	0.0101584053568	0.0426968493396	
0.0	-0.019350186031	0.0725339613022	
0.0	-0.0445140358533	0.0705207752984	
0.0	0.0158376215354	0.0608762943131	
0.0	-0.0502522281679	0.0528641154847	
0.0	0.0162132322059	0.0418141935336	
0.0	-0.057640348741	0.0471956598851	
0.0	-0.0771692611582	0.0735871804427	
0.0	-0.0301770863715	0.0668917179232	
0.0	-0.0238337688977	0.0280478690667	
0.0	-0.0194632546071	0.080240723786	
0.0	-0.0693341064888	0.0670371382101	
0.0	-0.0294465244947	0.0341015095916	
0.0	0.010532013321	0.0253054776689	
0.0	0.016977424903	0.0787441907556	
0.0	-0.0505062148509	0.076507268388	
0.0	-0.0411987160725	0.109618622731	
0.0	-0.00776043697395	0.0253333601236	
0.0	-0.0762074570247	0.075194326628	
0.0	-0.0300146412593	0.0396426277593	
0.0	-0.0645942092899	0.0285610895551	
0.0	0.0126727788715	0.0460840649421	
0.0	0.0203130553261	0.0507841060485	
0.0	-0.0195389591224	0.0613353822839	
0.0	-0.0645109499544	0.0861422122469	
0.0	-0.0270626642968	0.0922044009273	
0.0	-0.0147992584904	0.0255322165667	
0.0	-0.00841132369797	0.0923885513232	
0.0	-0.0491326541333	0.0159790928462	
0.0	-0.0676913896014	0.0662777789789	
0.0	0.00371527530675	0.100852972219	
0.0	-0.0322952622368	0.0332027660505	
0.0	0.00782949324724	0.0301889611934	
0.0	-0.0168235188501	0.0264841520007	
0.0	-0.0307969541236	0.0113329584982	
0.0	-0.0584554682482	0.0677556166035	
0.0	-0.0252389430461	0.0199303113684	
0.0	-0.0505676645571	0.0146797801266	
0.0	-0.0625925416232	0.0974277254179	
0.0	0.00284822170063	0.0230579839654	
0.0	-0.021699986495	0.0462136013828	
0.0	-0.0769197231941	0.0701605806737	
0.0	0.0126678681973	0.0671720260574	
0.0	-0.0555673183556	0.0869295381924	
0.0	-0.0666204077179	0.0861697852098	
0.0	-0.0236657172392	0.0728530060268	
0.0	-0.0471769870744	0.0409373704697	
