98	-4	-59	148	117	-20	
205	-70	-49	111	106	83	
-98	58	-14	-29	-12	-9	
-36	54	-152	9	12	-44	
-150	-68	-58	-173	-107	26	
-58	76	-122	191	-126	-104	
13893	8413	6245	14184	8123	11268	
14702	12085	6167	14098	6266	12050	
14465	14638	6164	14080	5774	13140	
14077	14107	6182	13610	7431	13249	
13844	11075	5787	13807	10741	12716	
13214	7777	4794	14010	12475	10878	
13260	6263	4002	13149	12532	9230	
12700	7976	3981	13842	11244	8522	
11547	10995	4374	13366	8302	8736	
11304	12955	5611	12768	6302	9780	
10681	12761	7821	11705	6166	9178	
9720	9405	8450	11439	7552	11137	
9705	6945	8999	10872	9860	10085	
8646	7086	8139	11014	11925	10273	
8033	10449	7666	10577	12545	10223	
7551	14369	7204	10280	11327	10861	
6745	14773	7575	9157	9056	11281	
7178	12998	7785	8473	7111	12081	
6481	9302	8686	8238	5879	11029	
6005	8053	7939	7855	7113	11067	
6500	8332	6053	7917	9009	10398	
7349	11503	4309	8037	11139	9392	
6923	14030	3328	7085	13062	8899	
8391	12784	3533	8133	12035	8829	
8794	10083	4984	6778	10215	9687	
9315	7431	7008	6328	6784	10379	
10033	5789	7671	6762	5721	10616	
10357	8482	7398	6941	6227	10179	
10548	11999	6443	7505	8806	10358	
11371	13676	5656	7650	11619	10073	
11132	12562	6088	8280	13163	10431	
11294	9052	8136	8317	12233	11934	
12262	7561	9878	7755	9668	13706	
12097	8348	10220	8489	7010	14292	
12384	11456	8667	9518	6026	13130	
12811	14428	6180	10373	6025	11944	
13763	15285	4291	10987	8454	10675	
13016	12333	4137	10952	11417	9643	
13731	9149	5412	11508	13016	9213	
13641	7163	6954	11778	12535	9107	
13634	8320	7123	13012	9848	10422	
12741	10977	6182	13141	7259	11074	
11758	12982	4639	13702	6367	11586	
11237	12980	3986	14388	6326	9900	
9854	9399	5127	13419	7860	9141	
8994	6328	7028	13522	10568	8838	
8240	5992	9572	12530	12224	10212	
7587	8831	10482	12449	12029	11032	
6787	13014	9535	12347	10789	12707	
6601	14464	7782	13154	8483	12991	
7229	13302	5876	12215	6378	12583	
6348	9210	6530	11369	6122	10976	
6923	8541	7520	10306	7558	9721	
7206	8435	8048	10302	9624	8561	
7056	12131	7720	9356	12018	8860	
7603	13983	5862	8606	12882	8851	
7281	14733	3561	9176	11038	9943	
8052	11417	3378	8793	8545	9937	
8774	8091	3563	7798	6560	10255	
9820	6357	4996	7335	5376	9832	
10301	7516	6815	7509	6726	10556	
11462	10703	6851	7221	9762	11533	
11866	12967	7459	7463	12197	12535	
12957	12145	7532	7762	13359	13204	
13669	8789	7642	8126	11880	13626	
13533	6598	7653	7158	9101	12954	
14142	7261	8461	7306	6653	11200	
13449	10063	9356	7161	5477	10568	
13211	13683	9632	7084	6900	10427	
12819	14607	9125	7911	9435	10530	
12121	13451	8026	7859	11872	11275	
11598	9571	6323	9010	12906	11570	
11085	7619	4800	8485	12040	10413	
10738	9005	3968	8770	9091	9360	
10752	11625	4071	9111	6653	8332	
9483	14495	5400	9574	5670	7462	
9948	13825	5396	10779	6768	8530	
9726	10302	5519	11074	8634	10462	
9376	7385	4785	11059	11320	12233	
8879	5705	4724	12598	12690	13919	
9017	7870	4848	11541	11975	13264	
8455	11406	6738	12037	10424	12084	
8458	13341	8498	12291	7396	10143	
7566	12175	10177	13576	6285	9563	
7884	9279	10804	13069	6525	8881	
7233	6717	9543	13937	8135	9317	
7343	7430	8066	13012	10882	10325	
7719	10252	6692	13602	12816	10716	
7566	14357	6870	13333	12992	10564	
8122	15088	7252	12167	10372	9478	
8439	12591	8197	12388	7991	8355	
9368	9196	6727	12259	5428	8739	
10454	7260	5052	11304	5670	9915	
10462	7911	2787	11156	7907	11592	
11159	11524	1972	10149	10456	12903	
11677	13401	2486	8999	12623	13408	
11544	12334	5405	8676	12495	13430	
12493	10320	7334	8579	10746	12369	
12600	6302	8609	7727	7950	11696	
12494	6031	7631	8193	6077	10999	
12897	8698	6780	8496	5838	10835	
12573	11708	6290	7392	7366	11139	
13066	13734	7525	6588	10318	10634	
12998	11994	9749	7101	12210	9325	
13482	9140	10992	6457	12599	8849	
12636	7323	11225	7189	10682	8614	
11429	8600	8378	7649	8504	8188	
11299	11652	6530	7672	6336	9681	
10659	14614	4728	8072	5552	10316	
9847	14954	4562	7902	7239	11815	
8786	12006	4946	7450	9708	12453	
7897	7774	6302	9009	12059	11667	
7556	6404	6146	8877	12434	11217	
7241	8741	4481	8643	11161	10010	
7194	11895	3604	9657	9322	9570	
7342	13314	3845	9493	6838	10924	
7597	11858	4840	9452	6056	11415	
8134	9327	7156	10196	6320	11631	
8471	6040	8276	10683	8769	11356	
8997	6602	9501	11715	11731	9257	
9204	9780	8827	11764	12578	8282	
9247	13013	8463	12444	11860	8224	
9426	14506	7744	13366	9830	8701	
10253	13174	7434	13189	7347	10069	
10198	9789	8014	12718	5653	12482	
9955	7760	8071	13055	5840	13838	
10044	8104	7753	13085	9019	14078	
10435	11246	6479	13871	11485	12818	
11045	14389	5618	13865	13124	11514	
10736	14817	4181	14057	12420	11013	
11828	11017	3533	13033	9844	10766	
10994	7552	3901	11999	7310	11419	
11327	5835	5291	12289	5448	11430	
11805	7757	6479	11839	6061	11820	
11618	11244	7586	11289	8359	10411	
11551	12792	7704	10992	10668	9360	
11394	12197	6981	10307	12778	8108	
11835	8245	6841	9636	12403	7730	
10672	7226	7211	8157	10382	8049	
10842	7041	7624	8540	7664	10192	
10822	10292	8743	8953	6340	11100	
10207	13741	9801	7393	6133	11005	
10754	14687	8699	7692	8189	11278	
10085	12969	6386	7799	10329	10971	
9959	9423	5197	6553	12109	10516	
10120	7554	4160	6225	12758	11379	
9718	8950	4428	6228	11182	12623	
9433	12372	5823	7062	8433	11516	
8781	14459	6888	6892	6580	11503	
8355	13107	6890	7280	5766	9675	
8098	9756	5690	7424	7429	8638	
8573	6674	5115	7179	9563	8353	
8179	6498	4934	7384	12028	8473	
8208	8525	6992	8715	13119	9776	
8244	11807	8461	9229	11300	11104	
8815	13342	10301	9034	8695	12372	
9482	12044	10312	9621	6370	12206	
9377	9260	7964	9715	5486	11588	
10506	7655	6205	9615	7081	11660	
11084	7796	5314	10039	9485	11459	
11228	11202	5773	11039	12292	11175	
11495	14574	6747	11886	12975	11891	
11602	14853	7357	12363	11214	13035	
11800	12656	6861	12526	8816	13048	
11146	9314	5628	13230	6304	12126	
11202	7646	3202	12391	5307	10547	
11392	8556	3613	13299	6297	9178	
10682	11428	4279	12533	9248	7710	
10446	13600	6995	13023	12081	7763	
10535	12797	8297	13593	12695	8993	
10780	9081	8881	13530	11987	9585	
10917	6448	8380	13212	9516	11002	
10628	6349	6963	12541	6571	11681	
10679	9094	6643	12271	5971	11381	
10684	11854	8024	11616	7065	10459	
10815	13561	9291	11660	8898	10308	
10003	12951	9030	11930	11007	10794	
10367	9355	8594	10853	12423	11419	
9587	7694	7266	9190	11835	12148	
10125	8673	4757	8554	10466	12215	
9498	11775	3646	7557	7781	11148	
9237	14662	4017	7308	5752	9717	
9961	14301	4191	7643	5718	9403	
10266	11247	5594	7197	7301	8650	
9792	8202	6170	6653	10603	9748	
9554	6891	5693	6552	11875	11391	
10032	8869	5572	6063	12656	11021	
9416	12314	6198	6048	10727	11175	
9387	13235	6635	6708	8001	11700	
9373	11720	8491	7304	5328	10838	
9209	8483	9087	6927	6065	11040	
8750	5637	9598	7707	7793	12149	
8220	6942	9882	7524	10190	13423	
8689	9916	9407	7537	12314	13582	
9086	13465	7905	8283	12827	13020	
9044	14142	6842	8980	11154	10909	
9874	12624	5947	9927	7767	8743	
10279	9164	5566	10793	5789	8039	
11060	7767	6006	11272	5570	7713	
10779	8935	5578	10188	7792	8399	
11691	11990	4402	11063	10162	9656	
11026	14641	3686	11145	11981	10944	
11331	14118	3013	11982	12724	10272	
11545	11311	3657	12093	11260	10170	
10862	7533	5295	12862	8021	9632	
11261	6465	6922	12462	6185	9611	
10888	7848	9040	12816	5454	10297	
10681	10966	9813	12371	7060	12285	
10190	13200	8670	12714	9860	12068	
10971	11799	7810	12407	11512	12852	
10851	8858	7365	13763	12051	13008	
10266	6511	8363	13510	11348	11826	
10192	7462	9188	13252	9218	9803	
10543	10546	9894	12744	7058	9457	
10555	13801	9106	12026	5758	8882	
9577	14769	5963	10821	6829	10008	
10145	12755	3336	11014	8902	9803	
9170	9094	2490	10927	11620	11321	
10098	8586	3432	10079	12982	11293	
9040	9113	4720	9301	12322	11225	
9038	12109	6181	8912	10377	10530	
9119	14080	6310	7865	6885	11465	
9066	13042	5047	7469	5465	12250	
9461	9018	4358	6498	6507	12870	
9674	6397	5103	7418	8671	12550	
9871	5987	7043	5950	11418	12294	
9928	8296	9541	6383	13298	11541	
9619	11821	11207	6158	12648	10655	
8748	13251	10705	5962	10009	9459	
8829	11834	9226	6355	7342	8988	
8393	9212	7427	7237	5842	9477	
8654	7143	5950	7296	6404	9317	
8849	8871	6292	8038	8296	9746	
8554	11608	7454	8298	10519	9225	
9356	15313	7861	8803	12378	8944	
10142	15146	6353	9003	12275	8357	
10519	12011	4069	9895	10461	10299	
11320	8394	3142	10472	8003	10605	
12376	7040	2991	11360	6257	12736	
12829	8659	4428	12208	5969	13288	
12798	12040	5789	12825	7675	13660	
12203	13487	7588	12809	10286	12282	
12079	13128	7874	12739	12215	10801	
12476	9228	7721	12605	12849	10435	
12493	5642	7319	13396	11468	9355	
11201	6546	7098	13418	9040	9913	
11339	9568	7528	13523	6492	10844	
10740	12358	8766	14201	6062	11433	
10088	14405	9149	12898	6558	11522	
10237	12242	8267	12870	9817	10193	
9893	10016	7587	11963	12467	9709	
9782	7396	6405	12480	13130	9224	
9598	8605	5427	12404	11431	10020	
8636	11626	3950	12639	8624	12287	
8904	14103	4524	12532	5851	12986	
8143	13937	5458	11536	5504	13578	
7913	11223	5734	11128	6535	13470	
7838	8087	6132	9870	9362	12015	
7330	6698	6527	9501	12315	9800	
7480	7990	5802	9598	12643	9260	
7217	11589	5866	9465	11743	9041	
8705	12909	6715	8653	9484	9163	
8921	11705	7743	7236	6382	9272	
9179	8756	9107	6848	5924	9647	
10119	6442	9530	6616	7025	9214	
10559	7018	8720	6114	9024	8638	
11052	10579	7474	6201	11386	8776	
10738	13780	5744	6731	13118	9812	
11312	14473	4621	6725	12098	10783	
11525	11945	5271	6351	9453	12314	
11490	9232	6865	5849	7352	12735	
11459	7541	7597	5906	6368	13032	
11265	9119	6902	6208	6430	11770	
11469	12196	5012	7822	9021	11336	
11561	14845	3899	7883	11016	10071	
11888	13867	4231	9249	12845	10932	
12608	9990	5946	9621	12487	12079	
12746	7086	7980	9754	10141	11205	
12886	6361	9907	10232	7754	11020	
12493	8682	9325	11159	6132	10141	
12132	12255	8014	12329	6304	8684	
11801	13249	6938	12676	7445	7988	
11417	12025	5964	13514	10743	9429	
10411	9160	7057	13661	12471	10366	
9865	6773	8300	13274	13087	12636	
8965	7430	8562	12702	10702	13132	
7933	10680	7215	12829	8453	13129	
7798	14497	4323	13631	6066	12569	
6404	15538	2741	13551	6236	10707	
7265	12177	2865	14032	8059	9387	
6748	9306	4326	12899	10383	9378	
7001	6996	6470	12524	12847	10038	
6738	9225	7474	11809	12892	10085	
7443	11899	7717	11576	10946	10929	
7400	13902	6550	11181	8160	10183	
8178	12982	6512	10784	5804	8882	
8543	9151	6602	11544	5683	8865	
8989	6202	8148	10203	7416	7670	
9309	6099	9589	9623	9923	8923	
9905	8839	10712	9018	12025	10042	
11346	12513	9530	9414	12568	12192	
11259	13952	8034	8690	11202	12692	
11927	12208	6089	8800	8739	12831	
12575	8687	4617	8944	6768	12864	
13339	7909	4765	7884	5977	12418	
14073	8817	5440	7097	7083	11008	
13693	12521	5408	6826	9454	11609	
13451	14867	5569	6238	11734	11125	
13839	14419	4130	6867	13118	11229	
13293	11577	3755	7347	12018	11025	
12193	8274	4261	6895	9824	9477	
11400	7226	4865	7376	7109	8851	
10640	8987	6356	6403	5900	8604	
10249	11695	7786	6623	6287	9317	
10120	13556	9358	6806	9119	10759	
9511	12240	9947	7752	11082	11908	
9163	8934	9624	8852	12865	11951	
8712	5905	8827	10117	12357	11883	
9044	6326	8188	10469	9957	11160	
7721	9137	7327	10218	7225	10570	
8425	13302	7633	10488	5089	10605	
8138	14416	7805	11409	6195	11652	
7693	12247	6901	11747	8273	11490	
6989	9155	5641	13139	11273	11116	
7203	7173	3863	13262	13145	11018	
6425	9473	1935	12799	12260	9314	
7053	12220	2418	13159	9857	7765	
6693	14571	3803	12852	7810	6786	
7654	14246	5521	12523	6069	7529	
7949	11652	7446	13226	6190	9118	
8645	7550	7455	13394	8315	10413	
9802	6839	6570	13194	11013	12467	
10081	8668	6683	12316	12506	13158	
11451	11373	7272	12069	12321	12398	
11410	12544	8942	11279	10479	11662	
11597	11324	10942	11039	7814	11041	
12633	8226	11352	10845	6388	11703	
13320	6149	9962	11178	6141	11869	
13604	7514	7643	10442	7731	12622	
12928	10393	5536	9941	10847	12614	
13521	13618	4301	9682	11986	11403	
13626	14209	4667	8342	12953	9960	
13337	12491	6170	8809	11502	8449	
13349	9676	6402	9028	8766	8573	
13281	7407	5564	8738	7039	8621	
12286	9645	4067	8967	6142	10151	
11954	12513	2702	8179	6987	10962	
10871	14722	3315	7536	9375	11399	
10646	13337	6063	6869	12339	11578	
9285	9584	8191	6571	12943	10824	
8029	5991	10006	7930	11225	11301	
7854	6276	9361	7890	8901	11668	
6646	9068	8159	7681	6131	11371	
6235	12036	7384	8130	5457	11488	
5755	13365	7345	7085	7108	11461	
5889	11675	8206	7477	9395	9570	
6138	8687	9278	7540	12508	9589	
6317	6053	8798	8417	12859	7737	
7010	7680	7205	9529	11566	7105	
7315	11386	5085	10123	9044	9188	
8300	14007	3753	10380	6535	10000	
9009	14346	3737	10077	5554	10734	
9977	11984	4535	10363	6549	12371	
9688	9004	5249	11876	9186	11073	
10670	7327	6661	12365	11476	11062	
11249	8733	6444	12476	12672	10462	
11556	12431	6451	12995	12125	11203	
12355	13504	6318	13067	9392	11937	
12942	12655	6238	13232	7764	13348	
12788	9016	7347	12419	6322	13513	
12569	5825	8603	12459	6314	12664	
13264	6311	9406	13140	9064	11030	
13701	9441	8953	12897	11249	9178	
12876	12222	8610	12821	13151	8245	
13272	13521	7074	12284	12470	7811	
12928	11899	5676	11125	10395	9419	
12851	9582	4905	10804	7735	10161	
12195	7953	5359	10275	5561	10923	
11168	9136	5832	10160	5715	11617	
10114	12189	5909	9742	7117	11271	
10102	15202	6147	9973	10759	10830	
9350	14564	5769	8607	13275	10486	
9369	11078	4948	8071	12698	10149	
8429	8048	5592	7791	10857	11443	
8059	7555	5743	7499	8338	11760	
8448	8683	7279	8273	6081	11837	
6982	12056	9109	7793	5315	11537	
7604	13648	9521	8044	7464	9785	
6937	11745	9215	7646	10621	8969	
6218	8116	7257	7390	12461	8429	
6463	6409	5966	6272	12272	8923	
6441	5830	5909	6593	10874	9231	
6652	10492	6426	7300	8191	10763	
6771	14044	7500	7488	6275	10179	
7583	14525	7460	7061	5769	10559	
8538	12536	6333	7204	7573	10717	
9165	9426	4427	8245	10056	10897	
10793	7420	2623	7858	12067	11977	
11244	9043	3541	9060	12869	13364	
12001	12883	5613	9514	11034	13515	
13037	14697	8299	9692	8417	13622	
13650	14116	9430	10715	6233	12696	
14237	10561	8541	10677	5294	10332	
13848	7366	7472	11050	7062	9034	
14321	6097	6578	11467	9286	8564	
13568	8325	7291	12282	11774	8880	
13355	12223	8189	13181	12807	10653	
13224	13617	10098	13613	12135	11217	
12119	11368	9758	14132	9332	10511	
12306	7929	7571	14425	7025	10031	
11707	5722	5702	13530	5927	9051	
10671	7677	3494	13598	6434	8827	
10386	10877	3606	13087	8471	9610	
9501	13759	4641	13749	11492	11524	
8895	14817	6615	13164	13049	12417	
8069	12051	6264	13155	11882	14182	
8235	9104	5609	12792	9687	12332	
7291	7416	4630	11183	7064	11261	
6814	10031	4878	10171	5266	10125	
6822	11853	5571	10552	6024	7664	
6926	13735	7750	9377	8008	7988	
6616	13294	9934	9037	11326	8685	
7321	9241	10058	8926	12343	9296	
7862	7006	10336	8131	12727	10316	
8519	6191	8909	6975	10064	11069	
9203	8822	7982	6886	7347	10664	
8817	12649	6932	6456	5810	10281	
9192	13730	6853	6811	5588	10692	
9603	11499	6732	6862	7898	11252	
10888	8389	6954	7078	10917	12885	
10435	6765	5614	7258	12195	13781	
10494	8221	4801	6826	12354	13494	
10993	11943	3333	6582	10278	12908	
10988	15374	3264	6008	7972	11464	
11601	14402	3982	6959	5956	10477	
12563	11921	4719	8210	5990	9685	
12354	8503	6470	7803	7295	9672	
12994	6990	8031	8340	9818	10168	
12860	9377	8466	8703	12207	9621	
13266	11921	8621	8016	12948	9235	
13531	13578	7895	9102	11687	8499	
13374	12814	8419	10561	8988	8589	
12892	9337	8253	10490	6686	9476	
11781	5667	9164	11744	5365	10649	
11414	6265	10164	11400	7175	12237	
10524	8519	8657	12257	9716	13431	
9819	12745	6877	12779	12074	12892	
9233	14117	4828	12551	13310	11267	
7698	12311	3428	13216	12397	10409	
7952	9180	3228	14281	9164	9125	
7676	7261	3675	14387	6302	8490	
7535	9087	5646	14482	5329	8907	
7076	11983	5710	14068	6565	9918	
7413	15012	6079	13705	9610	10904	
7113	14160	4506	13655	12255	10134	
7505	11491	4396	13780	13244	9649	
7965	8386	5786	13110	11889	8816	
7919	6478	8374	12898	9514	8482	
8119	8519	10806	11366	7071	9218	
8691	12048	11218	11039	5206	10948	
8986	12912	10407	9839	6704	13301	
9618	11315	7826	9027	9060	14721	
10487	8302	6631	8680	11614	13964	
11888	6197	6170	8433	12457	12590	
11541	7360	6988	8748	12166	11444	
12187	10582	7988	7705	9431	9967	
12448	13396	7404	6468	7384	10268	
13154	14320	5852	5921	5709	9778	
12773	11858	3376	5526	5707	10051	
12746	8798	2249	6307	7680	10243	
12199	7648	3217	5840	10772	9709	
12117	9438	4928	7384	12346	9117	
11452	12748	7434	7086	12608	8988	
10490	14763	8942	6761	10602	8960	
10528	14419	7410	7077	7893	9768	
10051	10592	6466	7636	6297	11171	
10626	7032	6636	8335	5816	13063	
10629	6065	6778	8664	7965	11860	
10156	8929	8848	9605	10561	11909	
10892	12023	10234	10159	12180	10880	
10233	13268	9662	9729	12965	10584	
10076	10837	8067	9173	11454	10990	
9835	8354	6204	10068	7806	10982	
8630	6189	4618	11404	6244	10461	
8760	8095	4478	12008	5459	10306	
8261	10831	4939	12331	7771	9198	
8058	13919	5816	12669	10419	8711	
7716	15212	5862	12300	12298	8909	
8012	12361	6414	12160	13015	8378	
8129	8659	5384	12554	11484	10205	
8276	8153	5028	13425	7969	12175	
8904	9222	5835	13355	6322	13776	
9353	12502	6368	13609	6517	14598	
9500	14742	7480	12955	7864	12628	
9644	13371	8874	13585	9596	11590	
10413	8977	9610	11907	11677	10647	
10702	6670	8666	11724	12372	10922	
10552	6793	7746	11593	11530	10182	
10605	8748	6769	12402	9275	11512	
11397	12494	6141	10693	7020	11156	
10688	13130	5921	10403	5793	10772	
11492	11198	6223	10147	7133	9887	
11535	8644	6390	8716	8840	7801	
11981	6969	6165	7707	11360	7359	
11968	9332	5546	7592	12922	7852	
12407	12188	4508	7679	12302	9885	
12041	14544	3898	6945	9943	10754	
11861	13726	4952	6742	6653	12311	
11272	11588	6979	5983	5733	12963	
11044	8141	8751	6840	6380	12113	
10045	7092	9621	5724	8880	10653	
9802	8843	8499	6542	11767	10825	
9299	12245	7004	7255	12980	10809	
8508	13824	6336	6781	12148	10949	
8403	12082	7004	7606	10298	10744	
8792	8248	8366	7437	7383	10517	
8957	5587	8737	8313	5857	10707	
9264	6213	8269	8296	6028	9249	
8500	9779	6197	9865	7880	8796	
9758	12804	4197	10522	11020	8882	
10107	14319	2915	11168	12936	11177	
10097	11745	3010	10869	11874	12012	
9841	9398	5206	10932	10366	11818	
9952	7533	7591	11484	7425	12874	
9405	8772	7860	11180	5574	12487	
9316	12270	6759	11149	6162	11834	
9195	14895	5577	12223	8137	10856	
9824	13746	5133	12387	11384	11689	
10084	10886	6989	12772	12323	13057	
9240	7352	9240	12016	12623	12507	
9682	6872	10963	12051	10793	11837	
10146	8698	10807	12884	7920	9933	
10347	12634	8708	12730	6265	7873	
10533	13022	6607	13477	5525	7401	
10349	11107	4714	12640	7494	7221	
11008	8074	4836	13054	10017	8022	
10607	6688	5473	12249	12157	10397	
10077	7709	6169	11181	12955	11733	
10876	10733	5866	10959	11580	12009	
10359	13314	4538	10768	9057	11889	
10530	14289	3494	10804	6299	10795	
10998	11760	3390	10680	5610	9517	
10600	8716	4230	10143	7035	10534	
11146	7546	6086	8938	9492	11549	
11753	10561	7977	9085	12316	12110	
11384	13550	9620	7848	13073	12699	
11406	15046	8889	8025	12099	11498	
11453	14004	8847	7364	9137	10311	
10933	10048	8451	7625	6424	9012	
10092	6859	8046	6837	5990	8085	
9275	6449	8616	7469	6622	8667	
9243	9068	8675	6290	9514	10164	
8581	12596	8300	6397	11820	11313	
8826	13782	6846	6715	12618	11431	
8455	11578	5668	8031	11537	11840	
8501	8343	4517	7999	9766	12171	
8754	6666	3457	8307	6610	11694	
8991	8287	3110	8191	5608	11960	
9515	11594	3991	9706	7006	12470	
9586	14054	5017	8733	8976	12810	
10186	13917	6198	9620	11521	11679	
9983	12237	6815	10425	12515	10297	
10788	8959	6828	11397	12114	9785	
10328	7836	6585	11967	10097	8558	
9705	9014	6974	11604	7584	7924	
9428	12257	8236	11833	6083	7881	
9140	13999	9837	11585	5735	9406	
9104	12213	10753	12529	7950	9980	
9773	8533	10675	13404	10536	10007	
9852	6446	8228	13335	12805	10454	
10013	6086	6132	12882	12438	9871	
10515	9142	5493	12428	10408	9955	
10603	12199	5707	12679	7706	10502	
10632	13798	6134	11897	5889	11481	
11463	11146	6609	12534	5913	13062	
10981	8793	5565	12777	7805	13314	
11140	7549	4671	12386	10631	12756	
10560	9256	2849	12146	12798	11458	
11397	12697	2902	12029	13064	9508	
11021	15074	4302	11198	11179	8252	
10914	13539	7253	10930	7527	8432	
10897	11781	9328	10312	6134	9251	
11401	8229	9771	10625	5782	10071	
10760	7545	8742	10103	7248	11249	
10791	10064	7012	9453	10312	11997	
10343	12776	7172	9039	12413	11745	
10805	13907	7518	8368	12722	10853	
10570	11770	9370	7762	10399	10922	
10254	7905	10162	7631	8517	11164	
9685	6034	9146	7046	6421	12394	
9278	6420	5981	7008	5895	13068	
8457	10247	4168	6361	6886	12534	
7622	13461	3302	6194	9601	11540	
7649	13924	3877	6230	12136	10310	
7866	12041	4841	6486	12427	9133	
7221	8479	6895	6176	11893	7823	
7760	7451	6545	6885	9915	7743	
8086	9965	5975	7256	6930	8667	
8704	13132	5327	7574	6045	9339	
9618	15247	5471	7419	5995	10292	
9792	14017	6966	8546	9299	10928	
10350	10656	8722	8245	11755	9857	
10645	7746	10056	9972	13251	10646	
11183	6233	9929	10931	12143	11648	
11697	9078	7820	11466	9917	12435	
11272	12184	7372	11552	7014	12622	
11271	13207	5788	11764	5978	13338	
11181	11482	5907	12329	6133	12520	
11956	7474	5459	12273	8341	11105	
11709	6201	6361	12069	11636	9780	
11595	7747	5944	13599	12775	9195	
12594	11056	5797	14135	12873	9288	
11630	14026	4565	13556	10362	10792	
11810	14088	4327	13261	8102	11366	
12134	11883	4910	12504	5904	11306	
11772	9046	6128	12657	6338	10566	
11208	7085	7092	12610	8217	9741	
10597	10361	8176	12521	11295	9887	
10931	12788	8844	12216	12824	9932	
10128	14024	8158	11883	11775	11711	
9713	13298	7458	12067	10030	12735	
8901	9259	7266	10590	6987	13677	
8822	6307	6518	11060	6004	13567	
8448	6076	6507	10204	6250	12060	
8815	9276	7676	10082	8138	9653	
9011	12307	7300	10272	10922	8516	
8673	12937	6738	9781	12209	7725	
8205	10919	5299	8342	12314	7869	
8243	7394	4196	8143	11383	8819	
7937	6245	3544	7698	8242	9298	
7813	8421	5161	7975	6171	9934	
7267	12018	6636	6929	5986	10113	
7499	15761	8564	7508	7117	9248	
7832	14578	8685	7501	9380	9792	
8293	11581	7466	7212	11997	9918	
8697	8689	6646	6275	12382	11945	
9424	6716	6305	5101	12057	12303	
10163	9634	7370	6654	8900	13546	
11636	12713	9136	7370	6673	12520	
12443	13920	10056	7764	5919	11459	
12532	12341	9015	7852	6732	10670	
13514	8774	6641	8395	9470	10407	
13496	6338	4608	8721	12024	9923	
14009	6767	2960	8894	12704	10520	
13454	9489	4120	10276	11615	10113	
13036	12851	5849	11717	9106	10271	
13334	13120	6858	12434	6750	9292	
12055	11469	6517	13072	5546	9452	
11998	8680	4884	12897	7133	9758	
11798	6961	3718	12822	9253	11007	
11135	9104	4603	13020	11737	12286	
10643	12432	6613	13277	12989	12989	
9744	14972	8981	13833	11670	13156	
9568	14047	10881	13779	9596	12651	
9254	10982	10614	14212	6939	11031	
7935	7480	8915	13081	5745	10091	
8343	7764	6882	12940	6778	9689	
7403	9918	6208	11899	8741	9259	
6861	12163	6982	12476	11562	9765	
6595	13412	7962	12051	12085	10494	
6644	11307	7894	11795	12259	10776	
6785	8221	6522	11056	9509	9677	
7092	5873	4700	10663	7745	8304	
7619	6866	2941	9820	6481	7250	
8449	10314	2617	8635	6502	8806	
8715	13221	3095	8737	8274	10248	
9185	13686	5311	9242	10483	12784	
10248	11096	6279	8583	12363	13941	
10826	8499	7239	8773	12025	13358	
11327	7574	7848	7175	10506	13034	
11233	9815	7715	7183	8322	11915	
11191	12836	7482	6574	5553	10423	
11380	14462	8218	6517	5816	10029	
11415	13574	9419	7214	7829	9944	
11910	9935	9870	7140	10329	10737	
12191	6420	9419	7198	12679	11538	
12729	6353	9096	6471	12802	10837	
12991	9457	7352	6580	10834	9757	
13541	12215	5699	6759	8569	9467	
12952	12655	4163	7169	5773	9596	
13438	10397	4338	8440	5752	10192	
13126	7983	4726	8348	7696	11287	
12674	6117	4221	9828	10372	12285	
11501	7731	4737	8985	12853	12593	
11089	10945	5301	9766	12718	11763	
10186	14051	4401	10844	10762	11548	
8989	14096	4740	11235	8379	10387	
8113	11721	5426	12576	6351	10761	
7369	8912	7213	13624	5502	10916	
7838	8407	9571	13503	7367	9929	
6708	10176	10629	14291	9277	9526	
6588	12800	10152	13884	11569	9289	
7149	14095	8780	13971	12611	7431	
6825	12504	7250	13368	11725	7701	
6647	8823	6599	13675	8899	7995	
7016	6124	7347	13646	7073	9778	
7452	6730	8136	13003	6091	11252	
7482	9192	7923	12940	6792	12831	
7673	12288	6957	11633	8829	12744	
8598	12735	4338	11702	11701	12802	
8791	11361	2608	11244	12977	11678	
10632	8040	2473	10733	12596	10901	
11144	6993	3359	10328	10144	10798	
12101	9027	6742	9741	6966	11454	
13257	12600	7969	8774	5094	12559	
13386	15461	8573	8357	5939	12106	
14298	14571	6860	7378	8404	11364	
14330	11284	5792	7344	11218	10497	
14005	8480	6049	6988	13059	9270	
14044	7501	7962	7935	12683	7906	
13807	9942	10154	7690	10187	8557	
12755	12978	10384	6703	7566	9421	
12782	14531	9656	6576	5226	10805	
11726	11666	6872	5900	6496	12663	
10788	7826	4678	6385	8083	13037	
10892	5977	4401	6020	10557	12341	
10282	6218	4500	7424	12750	11304	
10158	10006	6352	7511	12408	10917	
8705	12820	6871	7840	9994	10679	
9068	13761	6812	7010	8031	10674	
8773	11653	4886	8160	6722	11015	
8685	8238	3727	7649	5336	10497	
7506	7615	4217	9091	8245	9441	
7564	10054	6397	10052	10525	8282	
7316	12622	8277	10315	12081	8692	
6833	14291	9222	10809	12436	8290	
6398	13821	9478	10488	11255	9271	
6259	10720	8196	11090	8265	11014	
6318	7805	7058	11868	6546	11898	
7190	6987	6675	12702	5708	11577	
7877	9356	6848	13786	7576	12267	
8222	12711	7079	13611	9632	11735	
8578	13086	7513	13971	12069	11948	
9620	11058	6897	13700	13380	12296	
10518	7534	5907	13497	12303	12947	
11029	6176	4457	13899	9310	12484	
11678	7363	4573	13390	6553	12468	
12862	11170	4261	14176	5127	10774	
12653	13838	5550	13697	6799	9085	
12772	13528	6607	12489	9581	7921	
13041	11916	7833	11166	12576	7810	
13863	8282	8600	11194	12731	8716	
14567	7699	7870	10198	11700	10294	
13856	10051	7708	9861	8628	11578	
13592	14169	7143	9615	6655	12716	
13320	15164	7470	9073	6111	11266	
13446	13201	7919	8370	7151	10992	
12760	9562	8613	7517	9264	10116	
11625	6713	8485	7719	11915	9637	
10517	6610	7535	7085	12572	11065	
9911	9003	5473	7234	12324	11876	
8822	12679	3307	7645	9859	12043	
8044	13582	3429	7054	6842	11655	
6717	10667	4685	6706	5470	10060	
6296	6972	6690	7029	6203	7672	
6055	6596	7343	6828	8587	8064	
6579	8317	6649	7072	10984	7402	
6114	11844	6221	7038	12742	8899	
6858	14608	5685	7933	12440	10697	
7025	14146	6372	8388	10647	11423	
7583	11736	8206	8525	7999	11413	
8507	8714	9706	8730	5737	12545	
8862	7900	11112	8492	5692	12278	
9193	10147	10007	9291	7967	11731	
9772	12647	7582	9431	10899	12467	
10171	14261	5575	10210	13011	12274	
10790	12558	5262	11120	12623	13102	
10528	9557	5289	11452	10967	11978	
11536	6029	6469	10884	8173	10728	
11857	6887	6772	10899	5807	9168	
12622	9905	5497	11656	5666	9547	
12453	12692	3934	12455	7560	8904	
13224	12408	2892	12542	10571	9509	
13495	10486	3243	13534	12341	10587	
13217	7941	5117	13033	12832	10093	
12739	7051	7927	13047	10471	10207	
12622	8666	9373	12957	8151	10681	
12327	12445	9224	13033	5722	9684	
12292	15971	8359	12960	5590	9851	
11223	14085	7164	13259	7783	11197	
11127	10759	7666	12835	9978	12590	
10374	7780	8922	12068	12570	12516	
10129	7926	9470	11612	12829	12396	
9641	10668	9112	10346	11125	11222	
9464	13061	7846	9961	8500	8954	
8751	13783	5776	9926	6528	7619	
8744	11403	3594	8897	6055	7673	
7851	8224	3500	9508	7228	7948	
7736	5614	3753	8771	9385	9778	
7140	6816	4639	8042	11255	10792	
7004	10034	5231	7543	12768	11418	
7121	13336	5079	6849	11945	11078	
6204	13998	5312	7824	9090	10894	
7120	11111	5344	7972	7208	9995	
7569	7808	5993	7349	5918	11414	
7326	7389	7256	7585	6408	12078	
7575	9936	8593	6426	8632	12757	
8965	12301	9636	7276	11314	14149	
10294	14981	10377	7163	13181	13227	
10645	13511	9599	7407	12777	11996	
11767	10457	8915	8311	9791	9940	
12666	7762	7229	9454	7277	9287	
12828	7098	6440	8969	5389	8836	
13122	9819	6108	9235	5955	9112	
13658	12057	6251	9860	8439	9264	
13445	13040	6184	9586	11312	9982	
12841	10807	5764	9787	13180	10040	
12900	7531	4693	10559	12599	9391	
12492	6403	3487	10504	10356	9780	
12076	8161	2346	12229	7596	10048	
11538	11498	3307	11118	5889	11691	
11604	14352	5806	11688	6207	12793	
10889	13719	8126	11742	7793	12656	
10483	11614	9291	11391	11294	11523	
10618	8539	8790	12668	13080	10370	
9819	8177	7905	13287	12921	8891	
9604	10535	7515	12644	10424	9169	
8376	13516	7535	12580	7928	9126	
8270	15056	8641	12106	6456	10404	
7688	12874	9863	12567	6494	10183	
7580	9402	9598	12207	7442	10396	
7782	6609	7911	13115	10036	10077	
7944	6997	4744	12357	12277	9448	
8205	9776	3350	12082	12784	9452	
8396	12468	2840	11071	11237	10909	
8627	12792	4024	9636	8712	11668	
8818	10266	6075	9227	6476	13243	
9340	7171	7077	8963	5757	15239	
9715	6250	6367	9061	7294	14134	
9594	8183	4966	8517	9182	12032	
10207	12111	4351	8014	12389	11186	
10087	14639	5807	6989	13379	10241	
10297	14159	7624	6156	11815	9399	
9465	11235	9964	6755	8540	8797	
10123	8197	10419	6613	5927	9887	
10689	7458	9398	8412	5681	10235	
11226	9672	7352	7514	6370	10580	
11379	12854	5579	7245	9298	9591	
12386	13687	5941	7612	12186	8695	
12032	11817	6463	7626	13323	8618	
12466	8798	8072	7644	11598	9428	
12451	6003	7124	8574	8974	10450	
12910	6187	6619	9498	6778	11630	
12663	9897	4455	9864	5517	12143	
12169	12420	3446	9666	6805	12855	
11801	13307	3822	10011	9421	10981	
10668	10433	5665	9840	11674	11215	
10228	7949	7363	11079	12473	9747	
10044	6857	7970	11226	11898	9282	
9170	9590	8144	12405	9836	10044	
9110	13306	7735	11902	7086	9870	
8244	15033	7158	12046	6105	9932	
8394	13376	6682	12517	6567	9195	
8610	10826	7102	11491	8632	9614	
9058	7767	8510	12451	10946	9876	
8385	7668	8659	13368	12394	10831	
8526	9991	7720	13220	12551	12596	
8420	12866	6359	13503	10231	13540	
8445	13219	5454	13762	7889	14103	
8264	10543	4166	13341	5939	13268	
8912	7875	4492	13148	5737	12371	
8708	5499	4836	12149	7625	11079	
9254	7605	6185	11645	10347	9250	
9441	10615	6646	12044	13063	10194	
10217	13599	7479	11230	12405	10670	
11488	13746	7250	10883	11058	10638	
11061	10849	6786	10091	7710	10848	
11774	8029	6726	9886	5752	9111	
12262	7588	7454	9100	5208	8020	
11871	10046	8537	8524	7351	6989	
11522	14015	9749	7910	10586	8080	
10899	15230	9537	8262	13120	9567	
10752	13506	8223	7237	12889	11513	
10221	9996	5726	6389	10583	12897	
10661	6997	4128	5741	8192	12784	
10289	6689	4151	5608	6007	12167	
9636	10065	5832	5882	5870	11776	
10667	12624	6633	6507	7897	10146	
10816	12848	6662	6410	9874	9587	
10994	10774	5638	5989	11951	10289	
11085	6709	4158	6390	12606	10677	
10911	5703	3851	5879	11557	10766	
11693	8048	4891	7158	9181	10268	
10063	11401	7383	8021	6785	9761	
10274	14350	9914	8867	6139	9215	
10305	13884	10972	9797	6688	8960	
10084	11393	9736	10590	9197	10422	
9223	9134	7926	10777	11519	11217	
8898	7803	6224	11319	12411	12256	
9418	10643	6968	11736	11554	13125	
8895	13595	7696	11741	9876	13705	
9589	14818	8903	12901	7529	12273	
8556	12640	7875	13189	5818	11338	
8711	9223	6187	13149	6602	11070	
9060	6194	3312	13281	8112	11262	
9186	6487	2031	12321	11534	11287	
9414	9877	3039	13392	13199	9817	
9232	12978	4513	13001	12845	9744	
8857	12546	6716	13164	10079	8264	
9366	10176	7815	13775	6847	7330	
9814	7401	6799	13267	5426	8230	
9877	6471	6520	12281	5811	9540	
10458	9285	6232	11961	8262	10202	
10605	12563	7387	11614	11862	11410	
11076	15078	10060	11803	12761	12385	
11353	14582	10578	10836	12624	11577	
11691	10646	10787	11193	10134	11863	
11376	7665	9635	10303	7801	10733	
11666	7542	7325	9650	5474	10081	
11685	10350	5499	8484	6394	10857	
11425	13406	4969	8093	8334	11275	
10740	13701	5331	8292	10774	11838	
10209	11385	5333	7861	12257	11255	
10013	8214	4885	7003	12149	9925	
10006	6451	4702	6849	10811	7917	
9906	6303	3941	6053	7860	8003	
9987	10007	3416	6197	6407	8545	
10161	12823	4227	5309	6304	9100	
9992	13646	5430	5323	7448	11851	
10872	11058	7384	6438	10014	12832	
10296	8225	8992	7031	12442	13209	
10997	6686	9551	7036	12844	12855	
10387	10061	9548	7553	11331	11858	
10220	13414	8555	8183	8994	11316	
10536	15222	8282	7827	6702	11240	
9781	13716	7929	8931	6122	11087	
9416	10644	8059	9673	6611	11424	
9303	7560	8118	10705	9543	11651	
8741	7362	7945	10562	12251	10270	
8350	9895	7036	12011	13636	8647	
8588	12794	5261	11288	11650	8071	
8209	13198	3490	11858	8457	7175	
8359	10847	2929	12771	6862	8038	
8616	7010	3585	13348	5310	9325	
9325	6124	5269	13688	6745	10989	
9498	7561	6827	12843	9460	10820	
9392	11480	7409	13004	11934	10703	
9633	13679	7220	12971	13146	10574	
9730	13788	6258	12443	12104	10819	
9957	10359	6328	12409	9647	11609	
10195	7822	7872	12747	6860	12118	
10464	7293	9444	13057	5481	12749	
11259	10985	10703	12410	7122	11865	
11213	13992	10432	10933	9206	10891	
11352	15318	8963	10917	11924	9654	
11955	12304	6373	10830	12414	8454	
12629	9951	4403	10318	12015	7840	
12426	6762	4515	10527	9915	9048	
12374	7356	5830	9958	7650	10813	
12325	10068	7243	9572	6277	12303	
11928	12831	6848	8424	6497	12233	
10701	13252	4813	7637	8335	11633	
11268	10287	3716	7871	11118	11912	
10088	6819	2787	7723	12579	10649	
10043	6156	4961	6745	12165	11389	
8639	7671	7500	7439	10048	11531	
8978	11661	9583	7136	8222	12328	
8605	14379	10082	6973	5970	12635	
8912	13893	8222	7053	5819	11919	
9166	10844	7114	5945	7403	10723	
8649	8433	6464	7006	10877	8879	
8924	8100	6513	7153	12776	7672	
9126	10845	8012	7714	13069	7676	
9036	13545	8946	8154	10980	8265	
8925	13639	7665	8843	8225	9901	
9168	12298	6049	8777	6339	10137	
8938	9303	4778	9382	5548	10910	
8506	6469	3597	9969	7326	11306	
8673	6578	4012	10894	10539	10881	
8726	9862	5619	11548	12203	10994	
9261	12439	7295	12295	13186	11550	
9112	13026	7821	12716	11106	12116	
9740	10726	7175	12259	8888	12516	
10179	8026	6536	13047	6490	12732	
10886	7341	6554	13593	5684	11225	
11591	9689	7164	13556	7529	10188	
11474	13371	7843	13331	9886	9724	
11810	15343	8355	13654	12091	9246	
12132	14131	9033	12947	12543	10437	
11776	10915	8260	12737	10941	10602	
11845	7594	7193	11910	8909	10740	
12975	7683	5706	12485	7414	10424	
12515	10358	4642	11964	6173	10441	
12284	13620	4452	11721	6732	10755	
12303	14119	4661	10686	9537	10885	
12365	11148	5286	10129	11675	11103	
11834	7104	6351	9186	13024	12931	
11952	5936	6392	9370	12067	13553	
11669	6603	6186	8948	9793	13198	
10157	10689	5464	9842	7013	11905	
9647	12914	6242	8879	5736	9080	
8931	13223	7681	8824	6354	8019	
8373	10803	9221	7781	8582	7218	
7230	8356	9643	7653	11324	7566	
6940	7555	10108	7703	13031	9406	
6635	9487	7897	7237	12779	10451	
6917	14266	6660	6972	10443	11311	
6992	15099	5547	7127	7015	10565	
6804	13220	5480	7615	5831	10048	
7794	10279	6102	6868	5635	9251	
8112	7763	6623	7162	8613	10424	
8704	7369	6264	7385	11365	11051	
9567	9713	4636	7215	13071	12886	
9861	12703	2605	8238	12296	13715	
10098	13030	2408	9067	10614	13333	
10327	10384	4335	9428	7288	11915	
11225	7339	6689	8552	5954	10410	
11584	5798	9105	8797	6243	9691	
11831	8226	9891	9979	7752	9092	
12316	10731	8273	10393	10528	9700	
12330	13697	6945	11622	12552	10057	
12522	13014	6943	12044	12658	11069	
12555	10860	8245	12924	11043	10929	
13249	7817	9707	13562	8238	10140	
13052	8034	10399	13111	6931	10055	
13218	11047	9403	12990	5896	10849	
12704	13875	6976	12764	7327	11812	
11873	15093	4205	13661	9897	12101	
11473	12624	2916	13640	12241	12518	
11247	9711	3558	13651	12726	11930	
10559	6429	4593	13171	11305	10739	
10175	7750	5216	12353	8958	10109	
9427	10761	6006	11474	6207	8516	
8981	12689	4755	11733	5732	9581	
9005	13692	4212	11411	6749	9515	
8500	10161	4702	10691	9343	9544	
8069	6814	6645	10852	11730	10258	
8206	5981	8709	10183	12551	8943	
8183	8723	10487	9527	12060	8106	
7565	11700	10967	8441	9167	8257	
7733	14997	9861	9171	6124	9605	
7124	13810	8268	8701	5182	11110	
7028	10793	7611	8281	7047	12099	
6999	7939	6870	8761	8841	13372	
6990	8120	7571	7301	12040	13984	
7663	10586	6849	7213	13008	13320	
8065	13391	6067	7424	11920	11322	
8865	14057	5497	6449	9421	10110	
9788	12077	3612	7302	6933	9016	
11288	8264	3098	7740	5944	9549	
11919	6068	3237	7485	6330	10686	
12717	6845	3935	7523	9314	11272	
14361	10476	5429	6852	11147	11747	
14353	12300	6769	7116	12682	10250	
14130	13038	8119	7430	11762	9910	
14265	10652	7827	8559	9847	8995	
14058	7876	8002	9035	7521	10083	
13546	7171	8370	9096	6093	10803	
13205	9725	8044	8884	5863	11805	
12616	13263	9008	9718	8005	12533	
12038	15554	9358	9696	10531	12908	
11751	13797	9452	10199	12577	12137	
11004	9994	8585	11151	12765	10377	
10307	7483	6337	12685	11269	9159	
9572	8566	4306	12997	7916	8755	
9058	10692	3427	12720	5488	8448	
8519	13558	4192	13786	5690	9474	
8304	13649	5548	13076	7784	9620	
7822	10319	6258	12790	10022	9758	
6296	7035	6480	13914	12641	9044	
6562	5624	5386	13645	12625	8471	
6002	7202	4180	14057	11293	9399	
6372	10897	4920	13259	8099	10883	
6131	13374	6419	12546	5987	12227	
6791	13347	9168	11871	5512	13103	
7749	10367	10677	12110	7676	13068	
8317	7734	10217	12348	10405	12330	
8797	7723	8131	11706	12512	11040	
10009	10263	6542	10973	12842	11115	
10500	14237	5633	10573	11249	10499	
10807	15588	6663	9432	8835	11626	
11176	13165	7743	8103	6170	11470	
11425	9857	7785	8673	5783	11490	
11719	7025	6946	8508	7424	10011	
11776	7433	4633	8190	9728	8910	
11607	10506	3178	7906	12220	8099	
12031	12525	3251	7283	12591	8201	
12979	13014	4408	6872	11130	9647	
12739	10324	7341	6537	9351	11407	
13219	7489	8530	7250	6847	13706	
13075	6267	8892	6930	5791	13283	
14060	8186	7946	7606	6624	12729	
13314	11638	6733	7645	8751	11329	
13167	13933	6811	7921	11151	9664	
12076	13200	6911	7291	12615	9482	
11097	10857	8501	7348	11886	9454	
10808	8637	9672	7600	9480	10454	
9796	8764	8171	8602	7341	10385	
9427	11225	6324	9452	5514	10715	
8151	13852	4778	8657	5835	8979	
7160	14687	3996	10231	8246	8278	
6488	12342	4462	9579	11321	8335	
6625	8922	5657	10005	12801	9210	
5835	6199	6318	11218	12302	10635	
6626	7525	6326	11796	10816	11846	
6342	10058	6433	12765	7319	13454	
6763	13561	6150	13255	6244	13279	
6522	12087	6641	12622	5986	12684	
6854	10001	6661	12963	7752	11729	
7538	7366	8040	13162	10822	12415	
8493	6517	9055	13598	12567	12007	
8795	8837	9350	13627	12312	12073	
9394	12713	8674	14027	10243	11403	
10500	15206	7570	13718	7685	10587	
11700	13667	6599	13493	5876	9728	
12007	10963	5103	12219	6165	8499	
13192	8115	5291	10639	8067	8653	
13825	7835	5234	10851	10636	8803	
13826	10628	5705	10626	12221	10278	
13883	13301	5677	10017	12692	11555	
14560	14125	5540	9291	11371	12095	
13898	11662	4416	8840	8568	11336	
13233	7599	4294	8128	6172	11247	
12106	5755	4947	7255	6126	10380	
12310	6766	6699	7334	7079	10398	
10949	10231	8893	6923	9937	10166	
10911	12893	9327	7236	12242	10908	
10522	12137	10065	6238	12660	11662	
9640	10659	8861	6235	11931	11367	
9875	7400	7199	6171	9062	9993	
9657	7012	6574	6069	7062	8350	
9142	9786	7902	6423	5876	7555	
8462	13235	8506	7670	6703	8089	
8519	14560	8487	7265	9746	8740	
8256	13493	6576	8460	11817	10865	
7784	10114	4936	8721	13164	12431	
7261	8212	2694	8813	11508	13993	
6901	8165	2553	8841	9016	12847	
7399	11123	3763	9181	6454	12088	
7038	12916	5808	9559	5158	11102	
7467	12659	7345	11309	6667	11472	
7968	10206	7305	11322	9490	11563	
8566	6834	6595	11088	11782	11947	
8196	5565	5482	10732	13209	12461	
9697	8382	6427	11399	12292	11911	
10449	10590	8497	12078	9054	10791	
11043	13632	10101	12915	7184	9262	
11395	13076	11214	13622	5688	7711	
11780	9827	9916	13279	7097	8650	
12385	7956	8312	13587	8655	9509	
12392	7745	5899	12920	11373	10586	
12972	11495	4872	12913	12745	10655	
12966	14085	5550	13382	12139	10579	
13267	15057	5923	13324	9957	10899	
13358	12942	6299	13112	7717	9919	
13692	9756	5457	12848	5935	10616	
13613	7329	3511	12283	6088	11133	
13529	7095	2739	11624	8037	12351	
12568	10499	3271	10203	10553	12186	
12096	13345	5126	10194	13034	11192	
10686	12964	7336	9471	12778	9612	
10437	10537	8874	9021	10670	8143	
9513	6638	9164	8889	8409	8095	
8413	5406	8588	7464	6221	8427	
7866	8930	7999	6154	5448	10160	
6366	11695	7933	5982	7619	10986	
6447	14241	8253	5854	10470	11967	
6675	13280	8960	5921	12802	11772	
6475	10567	9079	6827	12396	10678	
7211	8317	7947	6580	11445	10759	
7421	8064	6931	6471	7963	10898	
8196	11046	5125	6334	5770	12057	
8751	13285	3677	6474	5857	13240	
8389	14362	3297	6825	7713	13791	
9267	12222	3949	8346	10418	13073	
9814	8849	4646	8513	12610	12041	
9769	5796	5551	8893	13093	10422	
10435	7272	6343	9185	11073	8564	
10396	10424	6543	10532	8828	7915	
11190	12996	6185	9790	6478	7572	
10730	12582	6174	10519	5865	9696	
11421	10002	7374	11367	7552	10435	
12262	6583	8602	11945	9425	11527	
12675	7013	9912	12013	12086	10993	
12653	8965	9845	12746	12826	10151	
12694	13402	9359	12062	11324	9715	
12751	14939	7196	12251	9063	11341	
12374	13696	5786	12622	6934	11263	
12150	10726	4702	12988	5833	11980	
11965	7364	5447	13023	6547	11609	
11640	7862	6529	13980	8881	10944	
10921	10758	6862	13602	11217	10119	
10338	14192	5505	12861	12703	9411	
11128	14311	4296	12711	11964	8531	
10087	11249	3032	12724	10444	8576	
10179	7578	3849	12037	7367	10123	
9724	5975	5708	12516	5070	10229	
9669	7923	8517	11890	6227	10583	
9050	10428	9519	11667	8482	10224	
8885	13046	9364	10355	11543	10925	
8502	13279	7843	10142	13368	10138	
7859	10330	6082	8908	12940	12637	
7911	7497	6119	9455	10494	13277	
7843	7576	7772	8866	7263	14023	
7215	9826	8846	8404	5583	14331	
7286	13892	9303	7924	6167	12175	
8105	15055	7232	5904	8230	11012	
8188	13296	5275	6038	10972	8863	
8701	10196	3084	5976	12705	8581	
9766	7404	3051	5713	12558	8637	
10322	8064	4658	6146	10283	9804	
10728	10693	7080	6516	7485	10219	
11296	12767	7571	6804	6369	10473	
11413	12861	7439	6214	5876	10035	
12075	10738	6249	7305	8059	9114	
12322	6852	5843	7459	10380	8286	
12400	6091	6301	7649	12545	9129	
12022	7798	7738	8988	13023	10477	
11589	11873	9411	9248	11231	12217	
12144	13599	9295	9680	8232	13182	
11808	13155	8853	10427	6333	13282	
11732	9993	7055	10703	6142	11745	
10964	7841	5481	11057	7321	10212	
11120	8197	4721	11402	9371	9453	
11258	10703	5270	12311	11858	8418	
10768	14155	5466	12583	12586	9506	
10794	14565	6285	12421	12048	9702	
9938	12678	5759	12581	9108	10169	
9127	8771	4902	11644	6482	10782	
9128	6384	4850	11595	5783	9765	
9193	7423	5069	12261	6491	10886	
8992	10449	6138	13143	9464	11571	
9137	13301	7641	12932	12242	12014	
9120	12584	8770	12226	13333	12700	
9054	9588	9741	12184	12012	13605	
9016	6655	9607	11997	9162	13035	
9197	6277	8868	11388	6477	11489	
10064	8523	7843	10934	5901	10914	
9265	12590	6401	11831	6828	10317	
10264	14865	6518	11467	8970	10276	
9808	13739	6833	10464	11581	10138	
9541	10501	7030	10271	12918	10096	
9421	7781	6033	9618	12026	9817	
8957	8804	5228	9533	9048	8846	
9138	11295	4143	9112	7401	8693	
8871	13870	2817	8907	5902	7717	
9201	14220	3764	8834	6400	8782	
10304	12320	5611	7459	8551	9757	
10038	8137	7130	7077	11314	11424	
10981	6234	8339	6495	12711	12833	
11133	7203	9028	5945	12302	13518	
11997	10433	7874	7137	9998	12717	
12232	12974	6956	6978	7811	10716	
12027	11903	7302	7260	5880	9526	
11855	9932	9073	7392	6202	9239	
11778	7117	10497	7255	7945	9209	
11865	6931	10224	7281	10321	10253	
10712	9519	8189	8305	12588	11312	
11019	13476	5557	8406	12713	11391	
10321	14932	3254	9001	10903	9991	
10270	13579	3437	10349	8409	9494	
10178	9442	4885	9921	6309	9312	
10120	8585	5569	10845	5214	9398	
10055	8789	5859	11003	7604	10683	
9992	11306	5163	10601	10106	12291	
9815	14446	4126	11853	12571	13362	
9858	13547	4060	12606	12994	13275	
9332	10720	4834	12386	11476	12747	
9758	6929	7762	13517	8029	11698	
9109	6205	9790	12797	6281	10410	
9218	7689	11466	11549	5433	10165	
8920	11278	10174	11989	7539	10363	
8850	13696	8961	12627	10021	10271	
9132	13188	7440	12706	12560	9683	
9136	10578	7027	13174	12692	9315	
9543	7095	7823	11331	11271	9144	
10468	7737	8625	11527	8453	8475	
10244	10362	7613	11196	6524	8342	
10475	13384	6203	10361	6029	9802	
10402	15034	3584	11097	7127	10730	
9822	13447	2387	10383	9431	12473	
9353	9698	2574	10527	11762	12286	
9505	7157	3766	10505	12858	11439	
9518	7929	5571	10138	11560	10845	
9492	10295	6507	8954	9507	10713	
9918	12871	6732	8567	7014	11112	
9535	13119	6740	8674	5926	11357	
9814	10199	7112	8996	6742	12174	
10300	6925	7426	7815	8854	11268	
10785	6077	8621	8422	11827	10282	
11669	8032	9887	7550	12770	9076	
11774	11211	10200	6629	12575	8313	
11824	14003	9565	6362	10232	8558	
11987	13179	8508	6802	7368	9976	
11645	10248	7052	6706	5392	11997	
11946	7545	5754	7803	6197	13850	
11100	8274	4650	7600	8467	13503	
11158	11336	4533	7800	10714	13226	
10577	14363	5227	8077	12625	11758	
10357	14662	5310	8294	12496	10571	
9926	12369	5128	9637	9895	10248	
9712	8768	4389	10102	7338	10797	
9944	6836	4512	10735	5811	10816	
9871	7692	4572	11460	6076	11607	
9820	10650	6464	11307	8203	10874	
9212	12697	7702	11312	10658	9685	
8989	12290	9564	12457	12823	8272	
8510	9371	9705	12634	12576	7485	
8991	6584	9690	13515	10678	7970	
8237	5956	7389	13964	8032	9526	
8219	9244	6313	13720	6159	10866	
7874	12747	6486	13384	6231	11570	
8454	14377	7169	12324	7675	11765	
8294	13354	7918	12962	10021	11621	
8876	10349	7753	13390	12224	12024	
9639	7184	5770	12772	12552	10831	
10600	8147	4230	12041	11373	11571	
10670	11360	2534	12296	8889	11853	
10994	14312	3465	11328	6363	11732	
11027	14354	5738	10351	5460	11176	
11423	11118	7668	10298	7532	10092	
11120	8013	8452	10068	10091	8734	
11412	6242	7624	10401	12033	8574	
10408	7080	6586	10072	13475	8826	
11312	11357	5866	9430	11789	10175	
11138	12608	6778	8192	9304	11446	
10446	12404	8124	7768	6729	12539	
10962	10369	10137	7584	4959	12099	
11545	7561	9948	7212	6951	11409	
11279	7099	8037	7313	9238	11297	
12246	9460	5262	6912	11754	10953	
12034	13660	3833	6848	13222	11322	
12367	14543	4081	6310	11663	12275	
11950	13790	5487	6379	9111	12694	
11378	9749	6861	5790	6620	12076	
10980	7914	6793	6063	5331	11003	
10627	9017	6294	6710	6469	8155	
9258	11393	4930	6849	8789	7330	
9104	14228	5059	7384	11494	6594	
8310	13536	5818	6807	12876	7446	
7476	9943	7694	7971	12321	9041	
7647	6653	9416	8845	9765	10842	
7555	6427	9540	9185	6771	12064	
8646	7683	8862	10149	5670	11073	
8145	11588	7308	10375	6639	10988	
8307	13445	6934	11248	8789	10946	
8078	13093	5742	11564	11307	10224	
8236	9730	6372	12795	12545	11271	
8111	7467	6334	12710	12181	12520	
9000	7558	6414	13538	10528	12720	
8726	11390	5713	14085	7633	12737	
9655	14896	4433	14430	6432	11122	
9909	15558	4064	13573	5856	9426	
10610	12951	4386	13741	7959	8335	
11239	9481	5278	13221	10274	8595	
12127	6825	6643	13349	12417	9949	
12841	8437	7546	13314	12400	10874	
12741	11050	8631	13671	10556	12110	
13508	13118	8803	12678	8062	12007	
13422	13088	8514	12039	5758	11987	
13595	9596	7472	11446	5489	11539	
13019	6623	7447	10442	7570	11503	
12909	6425	7950	9566	9947	11831	
12103	8441	8563	9119	12967	13062	
10498	11878	8325	9509	12678	12671	
10870	13853	7271	8639	11436	11019	
9470	13279	5364	8634	8367	9909	
10036	10440	3800	7659	5894	7945	
9198	7884	2919	7426	5745	7389	
9029	8356	3352	7122	7114	7794	
9243	11670	4958	6691	10159	8953	
9101	14449	6924	7406	11563	10597	
8412	14859	7374	6953	12635	9984	
8471	12008	6689	7310	11791	10507	
8277	7894	5808	6419	8775	9956	
8448	7003	5647	6092	7064	9654	
7332	7871	7715	5872	6000	10217	
7274	10422	9504	6889	7330	11874	
7346	12910	11322	7253	10035	12907	
7219	11833	11119	7616	11724	14433	
7764	9120	9550	8402	12690	14336	
8501	6481	6897	8456	12221	12661	
8657	6523	5150	9167	9501	11045	
9351	9713	5353	9375	7462	8526	
9909	12950	6123	9822	5973	8301	
10337	14600	6783	11101	6077	8543	
11260	12997	6009	11782	8145	9923	
11379	9612	4588	12541	10993	11025	
11933	8025	2821	12117	12796	11595	
12073	8736	1946	13058	12374	11455	
13119	12186	3898	13158	10360	10605	
12524	14079	6214	14452	7118	10121	
13148	13837	9252	14417	5583	10554	
12711	10772	9177	14448	5907	11015	
13553	6861	8856	14572	8465	12279	
13510	5859	7647	13195	11359	12346	
12828	7552	6994	12725	12874	11650	
12930	10896	8007	12282	12536	10820	
12512	12824	9629	12036	10371	9155	
11924	12151	10117	12440	7781	8934	
11352	9557	9851	11763	5306	8331	
10178	7139	7257	10827	6390	8642	
9573	7281	4695	9852	8063	8653	
8233	10170	3720	9259	10866	9712	
7471	13888	3409	8283	12117	9388	
6414	15266	4232	8052	12657	9231	
6372	13315	5094	8423	10502	10758	
5966	9949	5134	7549	8165	10886	
5950	7298	5862	7784	5733	12437	
6170	8551	4936	6976	6017	13503	
6542	11183	5465	6515	7580	13857	
7188	13980	6136	6683	10020	13064	
8089	13077	7467	6835	12091	11480	
8236	9977	8932	7206	12506	9766	
8772	5990	9744	7598	11392	10077	
9704	6139	9960	8493	8718	9973	
10317	8217	9241	7582	6543	11117	
10782	11647	7775	6971	6126	11433	
10686	13974	6995	7916	7326	10838	
11801	12135	6120	8435	9706	10316	
11988	9670	6206	8950	12417	9014	
12342	7454	6525	9282	13545	8786	
13378	8307	6717	9627	11816	8626	
13146	11760	5588	10111	9259	10740	
13931	14676	4868	10312	6549	12644	
13708	14929	3641	10865	5258	14044	
13436	12617	3862	11939	6631	13405	
13503	8169	5220	11616	9557	12209	
13048	6931	7077	12689	12167	10864	
12631	8341	8591	12609	13553	8647	
12060	10774	9320	12677	12179	8306	
10413	13274	8004	12122	9439	8731	
10170	12982	6603	12870	6910	9045	
9498	9430	6695	13484	5494	9964	
9463	6951	7707	13492	6770	9420	
8783	6103	8870	13123	9273	9026	
8603	8628	9547	13513	11359	9689	
8690	12542	9114	12213	12765	9508	
8253	14275	6518	12466	12620	10870	
8053	12969	4197	10860	9918	11905	
7119	9766	3481	11163	6906	13164	
6967	7859	4105	10480	5675	13006	
6056	8408	5907	10462	5901	13751	
5911	11355	7609	9766	8734	12013	
6543	14135	7632	8716	10905	10841	
6543	13980	6380	7990	12428	10921	
7325	12044	5335	6867	12834	10540	
7862	7741	5723	7320	10613	10942	
8815	6631	6689	7623	7950	10094	
9875	7854	8442	8352	6010	9671	
10619	11173	10298	7370	5938	9176	
11551	13276	9700	7352	7572	8255	
12712	12244	8466	6524	9894	8823	
13661	9039	6206	7363	12801	10020	
13712	6788	4525	7166	12515	11892	
14207	6595	5207	7555	11183	12971	
14557	9678	6214	8030	7859	13229	
14546	13417	7097	8405	5693	12278	
13940	14501	6943	8234	5771	11008	
14032	12853	5573	8193	7504	9845	
12741	9869	4380	8843	10464	9059	
13115	8205	4139	9524	12558	9696	
12122	8634	5553	10053	12805	10534	
11439	11489	7268	10506	11183	9985	
10950	14321	9333	10837	7733	10828	
10373	13617	9292	10603	6328	10453	
8791	10523	9142	10931	6064	8623	
9166	6419	7704	10712	7345	8183	
7683	6130	7142	11031	9534	8537	
7928	7588	7234	12351	12254	10536	
7146	10689	7781	13036	12788	11630	
6313	13073	7345	13520	11042	13502	
6371	12275	7502	13098	8990	14313	
6395	9832	6160	12958	6848	13640	
6677	6988	5064	12937	5681	11780	
7147	7200	3752	12941	6712	10956	
7882	10396	3540	12868	9304	10457	
8045	14145	3727	13247	11992	10632	
9042	15197	4964	13302	12379	10667	
8962	12673	6448	12417	11987	10714	
10156	9589	7529	11485	9446	9730	
10325	7514	7204	11157	7398	9766	
10007	9215	7538	10578	5697	8708	
10930	11195	7215	10453	6110	8510	
11646	13267	7903	10173	8781	9780	
11269	13483	8546	10272	11400	10637	
12359	9502	9972	8840	12553	11732	
12298	6497	9981	7555	12562	12795	
12494	6169	8885	7529	10244	11815	
13117	8414	6797	7066	7840	10819	
13252	12104	5059	7546	5436	10476	
13724	13454	3681	7227	6478	10762	
13907	12980	4317	6818	8320	11315	
13307	9324	4452	7540	11809	11576	
13087	8051	5697	6476	13288	10893	
12481	8775	5472	5884	12242	9726	
11509	11905	4545	6333	10575	7847	
11322	14381	3746	7309	7437	7432	
9816	14849	4284	7622	5543	7738	
9252	12386	6200	8498	5863	8696	
8151	8025	8652	8248	7993	10263	
7672	7235	10607	8705	10444	12848	
7217	8461	10505	8896	12549	13698	
7380	11692	9295	9024	12186	12699	
