-1.0	2.08512592424	19.3240182248	
-1.0	2.08514151144	19.3578974175	
-1.0	2.08521637081	19.3449737637	
-1.0	2.08505569672	19.3623949278	
-1.0	2.08516736421	19.3295856134	
-1.0	2.08520878742	19.3521619768	
0.0	1.33285508128	6.25489716462	
0.0	-14.4438477482	-3.06950078964	
0.0	-14.4377005821	-3.18951674314	
0.0	-14.3462708553	-3.25702976609	
0.0	7.11116658618	-10.5060149748	
0.0	10.9137162188	-3.19378551681	
0.0	10.7957853193	-2.79394262742	
0.0	10.7096566637	-2.64366125015	
0.0	-3.02076242981	-0.5935882616	
0.0	-11.8706032498	-1.38275891686	
0.0	-11.0607688116	2.85140424843	
0.0	-5.32850954183	5.91338229268	
0.0	4.66514795118	4.13042261294	
0.0	13.9017176969	-1.82948817408	
0.0	9.55230763331	-7.99826414959	
0.0	-2.27563546859	-11.4203329826	
0.0	-3.84327792866	-10.9213168612	
0.0	-15.2212047049	2.77493257568	
0.0	3.85393200407	14.6595030047	
0.0	3.78476997741	14.4900091279	
0.0	6.69871531744	10.4917644906	
0.0	-3.06704949653	-7.42221487247	
0.0	-3.43138751702	-8.6223542275	
0.0	-3.28555822437	-8.03722135774	
0.0	-3.65688463515	-6.48343083158	
0.0	5.75722567211	12.1745473075	
0.0	7.23113867606	14.274606021	
0.0	5.31908418014	12.5878200069	
0.0	-7.6073172321	-7.46026026793	
0.0	1.01367081501	-8.24043278137	
0.0	1.23538201141	-8.74343598712	
0.0	7.47616534575	-3.04564746387	
0.0	9.0656679786	10.4074771848	
0.0	5.19401066531	15.1440749986	
0.0	-15.6578349834	-6.07232823319	
0.0	-15.253019728	-4.77246310022	
0.0	-8.32334405301	-10.0278991502	
0.0	-1.08451213996	-2.34315538721	
0.0	8.56674106075	-1.29616123967	
0.0	9.98131915501	-3.03697973423	
0.0	2.13042239111	5.69405799276	
0.0	-13.2967737412	8.23410318772	
0.0	-12.0040408762	-2.10633685548	
0.0	-11.5770217848	-1.88311859643	
0.0	-1.58957494694	4.97951208388	
0.0	2.87564738303	2.69689873276	
0.0	14.4785490913	-2.35722888602	
0.0	15.578508741	-2.48391594098	
0.0	-4.78760731422	-14.3319611938	
0.0	-5.41753226626	-13.7742727952	
0.0	-7.16057643587	1.84433010338	
0.0	-9.1926023053	12.2534400283	
0.0	-3.60425794832	6.26579279164	
0.0	-0.964485892769	1.62881040026	
0.0	-1.01747078619	-12.3010439743	
0.0	-2.92687138237	-9.04608473165	
0.0	-3.69417327081	-8.79817724656	
0.0	-4.53389063083	-2.04285271698	
0.0	0.588614985408	12.962988626	
0.0	4.96722204617	10.9366415291	
0.0	5.28787684005	12.1236902529	
0.0	3.68753702101	-1.16642011938	
0.0	2.84070921621	-9.94003193564	
0.0	3.22108058202	-9.7044733024	
0.0	7.82403547527	-2.4967266149	
0.0	8.55671184491	10.3233788172	
0.0	2.99112081957	12.0829600375	
0.0	-0.542976347872	8.71468744385	
0.0	-13.6944830983	-8.11740544003	
0.0	-12.1795935784	-9.28702318748	
0.0	2.71705750638	-10.0297334021	
0.0	6.78777640371	-2.20150255747	
0.0	10.2453060103	3.55786210868	
0.0	7.37839394902	4.78342589735	
0.0	-6.87862731843	-2.14698738288	
0.0	-11.312740701	0.333312052727	
0.0	-11.2867438325	0.526913621426	
0.0	-2.35719371629	4.08450888098	
0.0	14.8300740751	-7.11763873532	
0.0	15.2962853472	-6.58187278301	
0.0	15.0363383513	-6.74108305609	
0.0	-2.06599238289	2.84898689324	
0.0	-9.59767419255	2.30565337093	
0.0	-8.72723014365	4.27858602025	
0.0	-6.74337467115	6.10410966397	
0.0	2.47610316505	3.27488420666	
0.0	14.3893376236	-3.30592720162	
0.0	10.2693456419	-9.44886848625	
0.0	3.10455905467	-15.0362994153	
0.0	-2.23106464993	-13.7455993493	
0.0	-9.90079606725	2.41954509056	
0.0	-4.80084455689	8.12199849999	
0.0	-6.67660161269	13.5389442852	
0.0	-3.60823511672	10.4103495927	
0.0	-0.123247833581	-3.88273230816	
0.0	-0.109067149362	-5.05550393347	
0.0	1.72660944114	-4.59686945088	
0.0	4.90263518365	-1.93017706436	
0.0	8.16556314024	10.5254726525	
0.0	3.19664344578	11.4502577327	
0.0	0.81270289625	10.0670599823	
0.0	-7.5814402011	-6.01584211468	
0.0	3.58151754795	-7.11869441362	
0.0	4.01142849791	-5.64392681845	
0.0	5.93225152048	-0.165387785596	
0.0	9.54906731986	11.5194244873	
0.0	5.81487473322	3.31334435708	
0.0	-12.3741316528	-6.21792108397	
0.0	-9.59619872294	-3.89230318101	
0.0	-9.7045494377	-5.14874737518	
0.0	-1.6136637035	-5.6634023252	
0.0	13.627039109	1.61310837077	
0.0	13.7538993253	1.44192765909	
0.0	10.2688695376	6.98723445116	
0.0	-4.24139806276	-1.90226966563	
0.0	-8.89229045917	-1.53270367941	
0.0	-11.85993681	6.24928165117	
0.0	-6.10143146353	9.05930823783	
0.0	4.67305514707	4.30089888262	
0.0	14.0479194429	-1.98809197713	
0.0	10.296477265	-7.40405721413	
0.0	0.916457990986	-14.9395841556	
0.0	-2.32614272648	-14.1032860421	
0.0	-10.6004668291	1.84933654335	
0.0	-4.44987769418	12.7864683818	
0.0	-4.33041396873	13.247965574	
0.0	0.395478186582	3.07687946673	
0.0	9.10507447625	-11.7140103496	
0.0	3.79730334046	-16.4669146575	
0.0	4.30856965139	-16.3067975048	
0.0	-1.33516281565	-1.60429848478	
0.0	-3.97801667303	10.6369941563	
0.0	-5.89144271549	13.2953256302	
0.0	-4.97077516426	12.2700789213	
0.0	-4.42667277335	4.9403869649	
0.0	-0.615126581593	-15.0616305909	
0.0	5.17437212142	-11.5817588009	
0.0	8.91183091791	0.0774968638821	
0.0	7.22842131808	3.33394968696	
0.0	4.26237249663	11.2347348441	
0.0	-0.975361965431	9.19746686	
0.0	-16.096933471	-2.07840315174	
0.0	-11.8677871673	-8.61939492037	
0.0	-5.74731650971	-8.51389469964	
0.0	9.99590378981	3.80558239403	
0.0	10.7135915126	5.01349158087	
0.0	10.8891455234	3.73281320651	
0.0	-9.20921053989	-7.14984068902	
0.0	-10.709985794	-6.31792154457	
0.0	-14.8626504078	0.934624141571	
0.0	-1.89770301392	7.02611442051	
0.0	10.897054748	8.03715269459	
0.0	11.195647713	7.67670321425	
0.0	14.1966571584	1.0571801935	
0.0	6.30040817321	-5.75922906351	
0.0	-14.0988298317	4.94726046039	
0.0	-14.0212635973	4.95997493485	
0.0	-5.96110290558	9.19304049687	
0.0	-1.75122171154	10.2814759347	
0.0	6.77053084794	6.63030156484	
0.0	5.90932752699	-2.77536226156	
0.0	1.71674215912	-17.054498575	
0.0	-2.52662967252	-16.3788630171	
0.0	-13.8207645351	-3.66662254977	
0.0	-5.40629015151	11.959386019	
0.0	-4.65239344584	10.709057975	
0.0	-4.83859704227	10.3178266173	
0.0	-2.93372837646	-0.616496098703	
0.0	1.30094296426	-15.7536323822	
0.0	1.09216662529	-15.8245445683	
0.0	10.5108994096	-5.66937119883	
0.0	2.19121036883	4.90033830629	
0.0	-5.09715765254	13.2643025651	
0.0	-5.38207676753	12.0938290374	
0.0	-9.94677517963	3.70576400983	
0.0	-8.30861189088	-11.4101025011	
0.0	-1.31307184764	-15.0592976136	
0.0	9.51049590274	-5.93687298252	
0.0	13.2589745078	2.22712217491	
0.0	8.19123923547	6.60045298506	
0.0	-7.59581984235	-2.76157851569	
0.0	-9.63854776362	-3.55213355932	
0.0	-9.53808870155	-3.49445149317	
0.0	-6.89191792099	-3.34765970612	
0.0	10.9874315549	6.5413859754	
0.0	11.3884555335	4.97988145331	
0.0	10.2231160965	3.67905913476	
0.0	-4.95343607378	-8.53926376287	
0.0	-9.7847845653	-6.9986121877	
0.0	-15.1314442229	-0.0857876444333	
0.0	5.84462378929	13.8125535741	
0.0	7.27660926309	15.205354417	
0.0	12.0332478743	11.8709424021	
0.0	7.34941972501	-5.36335851922	
0.0	1.94583959999	-10.5907511386	
0.0	-1.32088504977	-10.574505026	
0.0	-11.6763145128	0.617638754648	
0.0	-4.06054413857	8.35996090937	
0.0	-3.95206239255	8.78627961046	
0.0	-3.08747089402	7.79878940579	
0.0	-1.54047476184	-2.46322832158	
0.0	5.46664414606	-16.5742000271	
0.0	5.45535182493	-16.6847965885	
0.0	-1.14372944563	-1.92763756608	
0.0	-0.427681484065	5.39187318037	
0.0	-5.67497517526	13.9833665794	
0.0	-3.48997494526	14.0158446976	
0.0	-8.78260526156	5.48224005785	
0.0	-3.64084893014	-15.2824251005	
0.0	8.52795539059	-11.9619538173	
0.0	15.8336867425	-5.6006881204	
0.0	15.1233270942	-3.76249251852	
0.0	2.54743050181	4.30912315274	
0.0	-7.86788153552	6.10947939518	
0.0	-11.1774293138	3.23148640568	
0.0	-10.5362655846	0.125916506064	
0.0	-3.02894184254	-2.77563758802	
0.0	14.1354297748	-9.48269326016	
0.0	14.4287611493	-9.02741521829	
0.0	11.3419912587	1.95301621258	
0.0	-5.31428247292	-8.8825640813	
0.0	-10.5904979069	-6.17775914606	
0.0	-10.4867358069	-4.94144555391	
0.0	-9.32073149759	8.78804718207	
0.0	6.36119181794	8.22434564454	
0.0	12.2746753048	4.948302457	
0.0	13.9847177473	5.53860608619	
0.0	5.13282207836	-5.98578416909	
0.0	-10.521159476	-9.90750026911	
0.0	-5.2971769614	-3.38514509305	
0.0	4.83716660987	13.3314084926	
0.0	5.68954598891	11.5607825784	
0.0	-1.89274279737	7.28245536643	
0.0	-5.26870045612	-9.09351169583	
0.0	-0.306027579322	-10.605046872	
0.0	-0.210993857615	-10.5414810103	
0.0	-2.18956985984	-3.1725209552	
0.0	-3.39247880746	10.226841842	
0.0	-4.01651332736	11.1694371596	
0.0	-4.45701502184	11.53690724	
0.0	-14.279667003	-3.32721704705	
0.0	-7.78097124433	-13.1790501779	
0.0	1.11375325455	-16.9985328404	
0.0	10.3555691018	-4.40477624341	
0.0	11.6053393144	-3.4594800418	
0.0	1.63442656659	5.19155156066	
0.0	-5.96696374437	11.3447496371	
0.0	-11.8206145869	4.40120021991	
0.0	-12.3217214796	-3.66824859947	
0.0	-2.71050524057	-14.7441357887	
0.0	9.78551633752	-7.80712492437	
0.0	12.3494535733	-4.7455251669	
0.0	12.1847452665	-6.2869664433	
0.0	-4.33295072631	1.61281240109	
0.0	-7.04725325453	1.03300499498	
0.0	-6.99541954055	1.36386997398	
0.0	-6.94100535609	3.28899137226	
0.0	8.45455076942	7.84232261355	
0.0	14.096578815	0.850013912441	
0.0	14.2817944231	0.912419609122	
0.0	-2.92757283268	-7.37293890063	
0.0	-6.0288808922	-9.0885077452	
0.0	-15.008914742	-0.0156757820824	
0.0	5.76281878986	13.6323144704	
0.0	7.76862669634	13.566843736	
0.0	8.26206821796	12.3339997362	
0.0	4.48092220844	-3.95447352639	
0.0	0.625398002736	-8.70408989951	
0.0	0.873739303355	-7.96364643254	
0.0	-6.35440341171	-6.58975646756	
0.0	-8.10180764441	9.19867360446	
0.0	5.16581338733	14.8155096725	
0.0	-8.0967407821	9.17755984689	
0.0	-6.84471689662	-6.83297441141	
0.0	0.39191822855	-7.55397149025	
0.0	1.93343341302	-8.33151908053	
0.0	6.44492441149	-2.16325001036	
0.0	8.34466252383	9.63481549323	
0.0	-1.5031216287	14.8383472269	
0.0	-1.56644390905	13.5448006652	
0.0	-11.523674849	3.20633619639	
0.0	-11.6118820949	1.91611183857	
0.0	7.59122052946	-9.6707624813	
0.0	10.9450238128	-5.58144083866	
0.0	15.2892233762	-3.64638791569	
0.0	16.1175319505	-3.59730089449	
0.0	-5.47396451814	3.12597180947	
0.0	-7.15436736653	0.88070560203	
0.0	-7.46291907554	0.208131556108	
0.0	-4.64772748939	0.474565502374	
0.0	-3.10382840423	1.51382274449	
0.0	13.4049229535	-5.89851072289	
0.0	10.5295905293	-8.5173942502	
0.0	1.73693982684	-13.5947264561	
0.0	-8.79059546747	1.17385821246	
0.0	-10.3648038975	0.967044740567	
0.0	-4.75276090919	8.07305739731	
0.0	9.52053000225	14.2282203482	
0.0	9.92061386784	13.2354876181	
0.0	10.9309390218	-0.949954328768	
0.0	2.70936517211	-11.7108475224	
0.0	2.34515127746	-10.5032508827	
0.0	-6.63390632947	-6.86968686887	
0.0	2.56804147574	9.01785792924	
0.0	2.88210369449	9.12549430767	
0.0	2.97323673625	9.27616558671	
0.0	-6.58296734807	-5.85808273971	
0.0	1.4781335013	-7.48149167116	
0.0	1.54087309537	-7.51487292836	
0.0	1.94199889273	-6.24899631508	
0.0	7.97444355146	4.66887152415	
0.0	4.28963698734	10.0566939174	
0.0	4.61319935561	12.2211253578	
0.0	-14.9734151138	-0.434287278526	
0.0	-11.6234362363	-9.12591036831	
0.0	5.63199174981	-5.78229883661	
0.0	7.76691632574	-4.5196705416	
0.0	14.2820250409	-1.29539955706	
0.0	4.71103950536	4.24167287841	
0.0	-3.72121402286	6.39850686946	
0.0	-9.03575888717	2.51966587757	
0.0	-8.78788863734	2.16481633024	
0.0	-6.88774659801	2.73901595144	
0.0	12.1490853272	-7.06191503873	
0.0	13.2078431212	-6.61785898172	
0.0	12.4685407437	-10.0601385513	
0.0	-4.82440367476	0.0934274946446	
0.0	-5.66002581062	-0.259583239051	
0.0	-9.57602603549	0.728285876615	
0.0	-9.31187154286	2.67672482017	
0.0	1.29575035683	4.08523095761	
0.0	15.5368694548	-5.07810046118	
0.0	15.5352447777	-5.79477447314	
0.0	8.47896492347	-11.9243913567	
0.0	-1.2104692402	-15.110844431	
0.0	-8.84108839154	5.43744575561	
0.0	-1.58792034515	14.7161682453	
0.0	-1.82500853627	15.0759948571	
0.0	2.2995440072	11.5078213786	
0.0	5.76660167556	-2.1477879578	
0.0	2.50712143533	-8.2348043114	
0.0	2.05348964949	-7.68678867415	
0.0	3.43481919389	-7.42479348101	
0.0	5.07307213515	1.59458751424	
0.0	2.24280930114	10.342020492	
0.0	1.14518959836	9.05464316658	
0.0	-7.93450820708	-4.33949229186	
0.0	-5.20175729216	-6.4992535445	
0.0	0.673147853293	-8.75257333242	
0.0	13.5326696199	6.16661786413	
0.0	12.1475935437	11.5584480932	
0.0	11.7283316848	11.9580292897	
0.0	3.80605965993	14.5990570562	
0.0	-15.1500554833	2.69156038637	
0.0	-15.1474301529	2.72726609509	
0.0	-4.58472091722	-4.16615985917	
0.0	13.7988449784	8.60936145775	
0.0	13.2149242605	9.07913762932	
0.0	12.7117394228	8.74501829758	
0.0	-2.38706299906	0.735070937721	
0.0	-9.16803435542	-1.31848313051	
0.0	-9.45006734486	-1.53844751593	
0.0	-11.7946914863	7.13300612266	
0.0	-1.20514867745	3.99093839509	
0.0	12.7267484453	-4.32930612355	
0.0	11.1706307241	-4.87718091654	
0.0	1.85332925722	-17.0177610421	
0.0	-8.15386697579	-13.0731653355	
0.0	-14.2034596363	-3.3396468348	
0.0	-4.25140562926	12.1208351924	
0.0	-2.1200798368	15.1746922333	
0.0	2.65923201575	5.88329394191	
0.0	9.62106201391	-4.04535882762	
0.0	5.92268501111	-11.858326558	
0.0	5.56473054424	-11.9709437907	
0.0	-1.29471434831	-2.57487785754	
0.0	1.08987570295	8.08303528667	
0.0	0.063261851948	10.4756105091	
0.0	-0.486960217974	10.3438303074	
0.0	-12.8845592982	-0.0230865378893	
0.0	0.263925856765	-11.1147145964	
0.0	0.133430506091	-9.35713576529	
0.0	-0.887243728166	-7.14817630455	
0.0	10.2222847255	6.6502725387	
0.0	6.67545952393	10.3881379679	
0.0	3.48260558643	14.6266768214	
0.0	-15.4726783042	2.64827276003	
0.0	-16.4823435012	0.859610292277	
0.0	-4.6072275548	-4.15463584238	
0.0	12.7251972964	8.43594799447	
0.0	11.7604925514	8.27998234478	
0.0	11.5132394129	8.34555743065	
0.0	-10.0690571915	7.30514626793	
0.0	-15.4773609188	1.82971974722	
0.0	-15.5236808762	1.62486353981	
0.0	-9.73788857897	-7.03067777437	
0.0	8.36418997152	6.51660554565	
0.0	10.6596329282	4.30287366692	
0.0	11.3918530178	2.6724529884	
0.0	1.66982631066	-4.62288947103	
0.0	-16.1913474833	-6.18116612648	
0.0	-15.7980282321	-5.7973949531	
0.0	-1.16780012337	11.5583715917	
0.0	1.68885768897	10.9811583808	
0.0	4.25511747762	6.3221698236	
0.0	9.85159417459	-3.27967654773	
0.0	6.81066832769	-11.6436524145	
0.0	0.0842954482356	-17.2878188733	
0.0	-4.68291546206	-12.2990803792	
0.0	1.72726667984	6.28705282363	
0.0	-5.84266054722	13.9577891559	
0.0	-4.8806754875	10.3217017125	
0.0	-2.80974580059	-0.571764366295	
0.0	4.3391122162	-15.7477226932	
0.0	3.17965063442	-15.491475952	
0.0	-5.31479090602	-14.6602342757	
0.0	-1.56208495578	3.15601530357	
0.0	-8.47346281434	13.6095992283	
0.0	-10.0770321532	10.3265202946	
0.0	-10.3121518338	0.775681755845	
0.0	-16.4562575548	0.218768031702	
0.0	-1.36078393742	-12.3479860088	
0.0	13.9392157543	8.95915775003	
0.0	13.6187149861	9.6724400581	
0.0	11.8582517778	11.6811682232	
0.0	5.90485210423	13.0502475374	
0.0	-14.9025770278	0.776404336485	
0.0	-14.9711863999	0.80496302009	
0.0	-9.25486899996	-7.26402508371	
0.0	12.7255677759	4.40282671895	
0.0	11.956231244	3.72934039525	
0.0	11.4197023055	3.30000701276	
0.0	0.372971827506	-4.66803229778	
0.0	-8.66789666901	-5.59173936325	
0.0	-8.91020857965	-4.48206039007	
0.0	-7.79940081667	-4.61523517912	
0.0	3.03515882786	10.2619729977	
0.0	8.32044847377	9.82162795289	
0.0	6.75087035081	0.0661086598955	
0.0	3.8182127564	-6.17329578018	
0.0	3.66930866795	-7.37120917254	
0.0	-7.23035572865	-11.0787821878	
0.0	-1.2181941084	12.7069423392	
0.0	-2.24881826046	15.0670294749	
0.0	-1.89800762927	14.9799441996	
0.0	0.334303356698	3.06145342869	
0.0	2.5525249134	-15.4053225575	
0.0	4.28751018882	-15.7521707904	
0.0	4.88146398225	-14.9827199031	
0.0	-3.4403014452	1.36884133796	
0.0	-8.30937499663	14.1945980947	
0.0	-7.64292279715	11.8725200819	
0.0	-7.77479020512	1.63749072372	
0.0	-3.67687614297	-13.5283448883	
0.0	4.41357080894	-15.1271095166	
0.0	5.03750394327	-14.8025209147	
0.0	12.5751639697	-6.50724080097	
0.0	2.80716319655	2.93001923955	
0.0	-6.67698354581	6.20199517419	
0.0	-13.669509859	4.96170267648	
0.0	-14.1187259152	4.93826755441	
0.0	2.75314800153	-2.05511640816	
0.0	12.782553476	3.17192462282	
0.0	12.3192558521	2.86320626514	
0.0	12.4945507089	2.68998776807	
0.0	4.64579919222	-0.372418324919	
0.0	-12.7409137316	-7.56885508027	
0.0	-8.76915717221	-4.97685077286	
0.0	-7.88249925493	-4.53154523775	
0.0	4.16719929358	8.64494285176	
0.0	8.57425333382	4.62801195072	
0.0	7.89776202097	1.03536543443	
0.0	2.90571186388	-7.03029181894	
0.0	-10.9926802582	-10.2744179433	
0.0	-11.5294160947	-7.91021501278	
0.0	-7.63261466909	8.33486532969	
0.0	2.35139682898	15.6400872725	
0.0	6.43004504632	9.7780529861	
0.0	7.28814846543	-4.26552111731	
0.0	2.49107560328	-12.180007747	
0.0	2.29818883266	-12.1563728632	
0.0	6.26373890288	-4.57205465902	
0.0	-2.22002085639	9.97225082143	
0.0	-7.34579776243	14.0254609344	
0.0	-7.46404332032	13.5101058975	
0.0	-3.51587036764	1.59480211343	
0.0	-1.78198712818	-13.7337891334	
0.0	3.3827757026	-14.6804988525	
0.0	0.951809249232	-13.8113664632	
0.0	12.3756217667	-6.6995980918	
0.0	-8.25435417625	12.5253331793	
0.0	-8.73190868671	11.4412716275	
0.0	-6.09435751907	1.79313227564	
0.0	-12.313270784	-3.71863771642	
0.0	-3.60968592622	-15.2521881723	
0.0	10.0382667643	-5.76189671258	
0.0	13.4150447828	-2.7274543666	
0.0	13.1553279698	-2.44678696494	
0.0	-0.213102862573	3.836451588	
0.0	-12.4519583872	-0.219414184271	
0.0	-12.3468185314	-0.222488509096	
0.0	-4.55172253862	5.19249199526	
0.0	5.96768428522	3.21132379569	
0.0	7.57828997468	3.24979628116	
0.0	7.89490726545	0.780055936915	
0.0	1.80668492043	-6.56973389277	
0.0	-5.08834215006	-6.55497681738	
0.0	-8.6656679047	-5.54177499768	
0.0	-8.31175964385	9.03937141818	
0.0	5.77660068559	14.4887525793	
0.0	8.48435570402	12.3001615933	
0.0	13.4187956399	5.92948457282	
0.0	-1.48505265109	-9.13938678701	
0.0	-1.90282793792	-9.68669604495	
0.0	-5.18357629597	-8.97167243879	
0.0	6.06461007454	13.1199622415	
0.0	7.35682561706	14.538254157	
0.0	7.52314515178	14.025007902	
0.0	-3.0356454329	7.04145224157	
0.0	-2.24165446341	-3.10561432634	
0.0	5.55624553289	-16.4865591922	
0.0	-0.394268048313	-3.87384343278	
0.0	1.64115677169	-1.69287954399	
0.0	-4.28146255181	13.2350469283	
0.0	-3.96840325455	13.0575426909	
0.0	-8.53941097598	2.7389844959	
0.0	-9.48422578295	-0.171922340068	
0.0	4.13529158623	-15.6625518128	
0.0	9.24291888107	-11.5605208623	
0.0	15.4704573109	-3.27970851985	
0.0	16.3319836059	-2.71509102389	
0.0	-7.25871317412	6.22479918618	
0.0	-11.1085430227	3.09253594681	
0.0	-11.3421868395	2.29306505988	
0.0	-3.25096712124	-0.36988489923	
0.0	1.15732855267	1.13198249191	
0.0	12.6079792973	-4.58917080795	
0.0	14.8256920241	-5.95667922191	
0.0	5.79225205404	-2.77874564917	
0.0	-2.36252130622	-4.11882594017	
0.0	-9.97424080379	-1.5286615453	
0.0	-12.8374898767	7.05815061458	
0.0	-2.89757728841	9.8944619773	
0.0	6.90023652653	6.82676755189	
0.0	7.09081650234	-3.08698153221	
0.0	3.1952444683	-10.5803216703	
0.0	2.80143688708	-10.5471600967	
0.0	-11.9784344198	-9.09618599016	
0.0	-0.406456832927	8.23883668022	
0.0	7.50945166975	13.6546793653	
0.0	7.65678206755	13.8135035998	
0.0	8.29441450615	11.8864005798	
0.0	-1.74523195488	-9.63138327196	
0.0	-1.65026898805	-9.7023133218	
0.0	-1.39701203047	-7.7194583619	
0.0	8.46522278198	6.93329705429	
0.0	0.223310238903	12.9386099397	
0.0	0.303052510765	12.8292119575	
0.0	-11.7141454107	7.13968404188	
0.0	-2.1366953641	-5.26925693777	
0.0	0.808188155813	-10.672171887	
0.0	0.931902617165	-12.1798564631	
0.0	11.1470458053	-5.07745774789	
0.0	1.91454117684	1.77149019924	
0.0	-4.26137535058	7.48511898765	
0.0	-10.8059113098	2.95832146075	
0.0	-10.7517803055	3.23225415859	
0.0	-8.17389785194	5.03090302386	
0.0	15.4887482069	-1.92805555482	
0.0	14.274857802	-3.29528074629	
0.0	12.6153617622	-4.55893836622	
0.0	1.03626652738	1.19158515843	
0.0	-10.9542695003	-0.77647015831	
0.0	-12.4668098068	-0.968506736339	
0.0	-13.9344203862	7.26675835799	
0.0	-5.18704187547	12.0575034741	
0.0	13.6043423213	-7.95591520452	
0.0	13.7178043183	-9.21436899137	
0.0	5.54340843241	-16.7643885061	
0.0	4.3379270552	-17.27455461	
0.0	-11.5831058429	1.27776377473	
0.0	-10.2725793723	4.09729304146	
0.0	-1.72152037126	13.8717709116	
0.0	-1.66619089853	14.209517688	
0.0	4.88436123522	-2.27059634506	
0.0	1.7453920864	-10.577136461	
0.0	1.91283583555	-10.2293021888	
0.0	5.37852073733	-5.05780465718	
0.0	8.69691773889	12.4019338316	
0.0	6.99139150486	15.0386871445	
0.0	2.47688478321	15.5488857624	
0.0	-9.54357774609	8.63307168913	
0.0	-2.14632268359	-5.98443821782	
0.0	-3.25196815341	-8.7108794653	
0.0	-2.82834384161	-8.01242346978	
0.0	12.2837882109	8.26653194112	
0.0	11.5429020356	8.40382054344	
0.0	-1.86619138254	6.99315661199	
0.0	-13.9009864896	0.634020533316	
0.0	-9.8380336522	-4.02044972057	
0.0	-7.47810237775	-8.9709928083	
0.0	5.08917902248	-4.20167303746	
0.0	11.2124277083	-1.17156219829	
0.0	13.1749635472	-2.72823402404	
0.0	0.130275598873	3.16515182948	
0.0	-13.1726886583	1.29428543179	
0.0	-13.792339925	-2.2433860996	
0.0	-13.8718779871	7.32752834584	
0.0	0.45734219075	6.23322712826	
0.0	11.9177191401	-3.72331037345	
0.0	11.3944352909	-3.98455793703	
0.0	7.09879509601	-9.38575255903	
0.0	-8.41852239976	-13.4920501646	
0.0	-11.8973089466	-2.41019774836	
0.0	-13.5085896697	7.86362982606	
0.0	-5.61950509429	11.5072610979	
0.0	1.44767750817	5.36415962888	
0.0	8.39776736537	-9.16899041439	
0.0	0.741870994203	-16.1750979047	
0.0	-0.150004360017	-15.6826360469	
0.0	-4.20422966714	-15.2009687133	
0.0	-6.41288562711	9.27988895327	
0.0	-3.88510640904	15.9503621028	
0.0	-3.89005159346	15.9684670642	
0.0	-3.46927444077	6.37257208568	
0.0	-0.6381418029	-13.0315057932	
0.0	-0.538292346912	-12.6759589835	
0.0	-2.81423501838	-7.33820660685	
0.0	10.9051233674	7.45892061273	
0.0	7.23221460747	8.78013289039	
0.0	0.906931327741	12.9583443961	
0.0	-14.7527011484	1.62530786557	
0.0	-16.5387941889	0.943808580815	
0.0	-10.0752687402	-9.9777868394	
0.0	-1.85213932436	-8.89788722388	
0.0	12.013880594	5.22260924848	
0.0	11.9642012339	4.96968246152	
0.0	3.20575049235	-1.30900084771	
0.0	-14.0183334347	-6.78757628954	
0.0	-14.0714905975	-7.81046089543	
0.0	-13.8138645565	-7.69124876125	
0.0	4.95377698562	1.45659115973	
0.0	9.15230737202	1.39821534458	
0.0	9.26169011159	1.3763147516	
0.0	7.98630120039	-0.804892472753	
0.0	-4.6009232596	-4.98566737372	
0.0	-12.5825936082	-1.76392774806	
0.0	-12.7786215268	8.42319922983	
0.0	-4.93247657289	10.3475831431	
0.0	-0.0834269436438	6.05951854682	
0.0	13.2397949825	-8.4728030925	
0.0	8.7073833933	-12.1407372697	
0.0	-3.11083416981	-16.1373854549	
0.0	-3.66988635201	-15.7152899437	
0.0	-8.24484719407	5.31123076002	
0.0	-4.8781415882	14.9215205529	
0.0	-5.84171529869	14.8895742226	
0.0	-2.71200795464	2.14220371066	
0.0	1.6401541256	-13.7610297594	
0.0	1.63051659174	-13.776297661	
0.0	1.86468000121	-13.5677926279	
0.0	-1.12135800711	1.70373858535	
0.0	0.530569400164	14.3523853057	
0.0	0.699670535958	14.177658324	
0.0	-6.57716165737	-1.95895737559	
0.0	-4.54131233508	-2.37338731347	
0.0	-1.84231367769	-5.33892679342	
0.0	1.95617661103	-4.38817363888	
0.0	12.8293437653	3.04817819996	
0.0	12.9051628533	4.53610159663	
0.0	3.50463203653	-0.998445556825	
0.0	-12.9084356374	-6.78288810852	
0.0	-12.9565637373	-7.40913897138	
0.0	-12.7951020924	-8.58759511533	
0.0	4.8567834232	-0.563167448722	
0.0	14.4554598284	4.56393390406	
0.0	14.5029343427	4.46106908348	
0.0	6.01553151846	0.321470199141	
0.0	-7.05300947942	-5.68243894824	
0.0	-7.9379799103	-4.63838319652	
0.0	1.16483414355	9.03233861081	
0.0	2.9862342789	9.15589697987	
0.0	6.58446741986	5.71744059833	
0.0	11.6802432119	2.72922992572	
0.0	5.96940613036	-2.63427895017	
0.0	-2.02032979431	-4.43738921364	
0.0	-9.33567071462	-0.400107309527	
0.0	-7.7651401157	1.73231868765	
0.0	-7.96770727722	11.9394571157	
0.0	-6.6485247672	6.06416979207	
0.0	-6.65051160639	5.67588596588	
0.0	0.819819863689	-14.2243176108	
0.0	0.818994417083	-14.2488669745	
0.0	0.913333443628	-13.9940229643	
0.0	-2.54786643001	2.01896951948	
0.0	-5.66097060654	15.4585450372	
0.0	-5.18249832191	15.0876507809	
0.0	-8.53256941943	11.2878706842	
0.0	-6.43387430749	2.83395885712	
0.0	-0.845836903948	-4.12328410385	
0.0	13.1348302895	-10.3402471096	
0.0	14.2929744708	-9.06071785318	
0.0	6.30042881047	5.47368124424	
0.0	-0.30572334279	10.2104647742	
0.0	-15.3175478223	-6.57227388551	
0.0	-15.2960976514	-7.13656586861	
0.0	-15.0482777589	-7.85314445441	
0.0	2.91476924474	-5.66765183404	
0.0	8.02979524067	1.58410073131	
0.0	8.71881591093	0.518852927038	
0.0	5.20174401001	0.0517892091269	
0.0	-13.2779473668	-8.56398666319	
0.0	-13.939907665	-7.93108572412	
0.0	-8.30337682701	9.0441134662	
0.0	5.89559251445	8.13078453474	
0.0	10.787747567	4.94004621944	
0.0	10.9157986183	4.34705642226	
0.0	9.82207512145	3.08962297248	
0.0	-5.44923717669	-8.94790177126	
0.0	-10.0693240412	-7.11034630593	
0.0	-8.09167011678	-2.29170427683	
0.0	0.540819137454	12.8893012433	
0.0	0.683250371793	13.9332160665	
0.0	-1.37992711788	1.10281229266	
0.0	-0.900958608252	-12.5273524944	
0.0	-1.12071629444	-12.5792799369	
0.0	-1.24188044684	-12.5005915428	
0.0	-6.22834813672	4.10591777427	
0.0	-9.08649181578	12.6179253172	
0.0	-8.71980050161	13.1280981209	
0.0	-8.39673222245	11.4031409126	
0.0	-4.26400922563	-14.7475483844	
0.0	2.40155000504	-15.3043475959	
0.0	9.41611957419	-11.2066925643	
0.0	15.6110471713	-5.62997844422	
0.0	-0.140889166823	6.04568922798	
0.0	-4.84201914322	11.7374659388	
0.0	-13.5520410766	8.2597706623	
0.0	-12.330132027	-1.84199077854	
0.0	-6.37754966486	-11.4618935305	
0.0	5.57582417279	-11.7591041748	
0.0	9.68781546454	-3.24461586223	
0.0	9.54172305871	-2.31293995646	
0.0	4.3729923378	1.54929395976	
0.0	-15.4997735442	-6.42093506724	
0.0	-15.3395690919	-7.02597596975	
0.0	-14.6699021111	-7.39755198005	
0.0	4.78760687572	-0.157590164986	
0.0	14.0510450641	3.86670978222	
0.0	13.6100695099	4.3460379951	
0.0	10.7924204408	3.57913589105	
0.0	-1.62275466298	-5.54700231934	
0.0	-10.277079189	-4.94106471773	
0.0	-9.72951104523	7.7332986781	
0.0	10.52132348	10.0664666624	
0.0	10.8091735784	9.67919514539	
0.0	12.2121421576	8.43733324714	
0.0	-2.48823210815	-8.16310276133	
0.0	-2.99123408849	-9.66531831644	
0.0	-3.45588775323	-10.4485646611	
0.0	-10.7071701917	5.83649171747	
0.0	4.79366238467	16.1170354398	
0.0	5.12971819461	16.149985368	
0.0	-9.17839135051	6.33103568202	
0.0	1.69256050673	-10.7190465046	
0.0	4.29761839484	-13.041866803	
0.0	5.28849938809	-13.5726433923	
0.0	12.6341328196	-8.25658941026	
0.0	1.95655069964	9.91021185226	
0.0	0.806022806497	11.1219427963	
0.0	-12.8364277394	8.77266260435	
0.0	-3.58290311614	-0.873517323006	
0.0	-1.06597951107	-1.92794258456	
0.0	7.03375016059	-9.07478120475	
0.0	10.8283932451	-3.17132213314	
0.0	2.48225874454	5.43895823309	
0.0	2.48676034664	6.30785662388	
0.0	-11.8238937576	3.98507201341	
0.0	-12.4855388302	3.17384523329	
0.0	-12.6225158492	-3.12326467012	
0.0	-0.596730541931	2.84869757661	
0.0	15.3962821046	-3.41446653658	
0.0	15.4271792988	-3.29843675565	
0.0	6.7515513308	-4.90435864343	
0.0	-8.45911025372	-9.30531717604	
0.0	-11.2267901216	0.481094520696	
0.0	-6.76248420184	-2.02163774397	
0.0	0.719831499486	14.0620234891	
0.0	7.48770805624	8.51166195919	
0.0	10.3963467474	7.00136763733	
0.0	7.51475486856	-7.03112947315	
0.0	-2.89841276833	-9.3063720826	
0.0	-3.96610237808	-10.2789332079	
0.0	-10.0036474584	7.36428420987	
0.0	3.15611101396	14.3890347363	
0.0	3.40641517273	14.5900757299	
0.0	-10.6540440471	6.00445790771	
0.0	6.14486542293	-6.21426143502	
0.0	3.40826011366	-10.6088238341	
0.0	3.18070296534	-10.4424784887	
0.0	4.75725099529	-0.481135747091	
0.0	1.94901290489	10.8792822403	
0.0	1.40848384506	10.9391655136	
0.0	1.01262684499	9.61927951308	
0.0	-5.17296110939	-5.2023324907	
0.0	3.34237579776	-7.70073208994	
0.0	7.06855375022	-1.58210951472	
0.0	8.68267656501	-0.671277481509	
0.0	6.23772692724	5.28229528229	
0.0	-4.04026426753	10.4108358308	
0.0	-12.893372438	7.26834671209	
0.0	-13.6798256684	-2.34022168042	
0.0	-12.9623131752	-3.84274911031	
0.0	-1.16483681878	-14.9305400255	
0.0	10.5040404872	-5.54136936158	
0.0	11.0688976181	-5.64442685975	
0.0	-3.1485515568	3.52777615918	
0.0	-9.75203162245	2.03448076405	
0.0	-9.3428053374	2.14523874982	
0.0	-8.869638509	4.03850685584	
0.0	-6.78751816076	5.90537006569	
0.0	2.85737601901	2.89927317847	
0.0	13.0095840607	-6.37162223656	
0.0	12.6399845451	-9.99410287787	
0.0	-1.06551755706	-3.89113771705	
0.0	-2.13846357825	-4.18677097516	
0.0	-6.70044253172	8.83094136058	
0.0	2.41381694986	15.8752293069	
0.0	2.33410035054	15.799224712	
0.0	7.99131717869	6.98534963381	
0.0	-0.483496364928	-7.09031844276	
0.0	0.313099206815	-9.01277436814	
0.0	-0.585740323089	-9.53757449488	
0.0	-5.17006463789	-3.46339007443	
0.0	6.22889560184	13.9908615201	
0.0	6.52751396626	13.9943560607	
0.0	-0.377048179254	9.08500001159	
0.0	-7.2257099319	-7.47878639852	
0.0	2.71199343853	-7.22295791613	
0.0	2.92258027467	-6.89036125653	
0.0	6.58406327306	0.233797491238	
0.0	8.02648244882	9.87565677019	
0.0	2.58010818216	11.2301410808	
0.0	1.09264699424	9.11387275225	
0.0	-8.28326910219	-3.76843105337	
0.0	-2.9000203062	-3.96098986039	
0.0	5.86049304842	-2.66356132409	
0.0	12.8795563892	-2.22748492801	
0.0	13.2262796612	-2.00912439033	
0.0	-3.15508437727	3.72378421896	
0.0	-9.80222719122	2.06160785215	
0.0	-9.38789793508	1.80763299353	
0.0	-9.67988347091	1.61433630166	
0.0	-2.99802087072	3.32262937594	
0.0	14.2693916457	-2.34599914198	
0.0	14.8249216839	-3.03028962885	
0.0	10.0038146174	-10.3058514614	
0.0	-5.02813801073	-14.6907463973	
0.0	-6.09259513559	1.75766053274	
0.0	-9.34694656253	11.3148375115	
0.0	-7.91302402919	13.1441180596	
0.0	-7.5973293277	14.4702324743	
0.0	2.02665415965	1.82802289708	
0.0	9.76986074591	-8.30920974212	
0.0	0.357138048596	-15.363782236	
0.0	-0.342249844206	-15.2751446128	
0.0	-4.45236373041	5.12296257878	
0.0	1.04802033038	10.992475248	
0.0	1.20897309168	11.0583825181	
0.0	-0.177854919676	7.78771053362	
0.0	-11.2139777561	-10.3632990828	
0.0	2.62164547476	-10.9392923386	
0.0	2.77843128698	-10.2244220077	
0.0	3.18128092401	-1.34459595112	
0.0	5.86364850844	8.20004060048	
0.0	5.38401087683	8.70330609171	
0.0	-8.93585510591	8.76591189833	
0.0	-8.65083656695	-7.26462469031	
0.0	-7.12090317574	-7.85626639042	
0.0	8.7227286937	2.66100256656	
0.0	10.4581567855	5.83054786787	
0.0	10.6062663397	4.50402744762	
0.0	7.83486762077	4.85694311224	
0.0	-14.7520286675	-0.379150215052	
0.0	-16.3402525594	-1.37235464565	
0.0	-16.352650046	-1.33947153751	
0.0	-7.47420634328	5.04598483068	
0.0	9.33459271249	-5.95097153772	
0.0	14.9454653664	-5.96507561696	
0.0	9.48659237471	-11.396451144	
0.0	-4.49999618842	-15.1153626127	
0.0	-12.3293169719	-3.76198822756	
0.0	-8.32106032295	2.41234597755	
0.0	-7.77769149142	11.9388936823	
0.0	-7.83167550198	14.6023927707	
0.0	14.5356160188	-8.31863007656	
0.0	12.7592793329	-9.9270222902	
0.0	4.4753991629	-15.6056338895	
0.0	-1.79728917954	-13.8396457517	
0.0	-5.4498822553	7.34272975158	
0.0	-5.89952446249	14.4413308184	
0.0	-6.06695232589	14.1884136334	
0.0	-1.96701747796	4.59330889798	
0.0	0.343039846062	-15.5301129618	
0.0	-1.08725037765	-16.5443498029	
0.0	-0.988369390138	-16.4634534458	
0.0	-3.26444769039	-12.5113550751	
0.0	-1.53549846404	14.2755697264	
0.0	1.16187623804	11.0919168916	
0.0	0.700600055143	9.13794773983	
0.0	-7.04490333922	-6.72682710509	
0.0	0.096665377418	-8.21619485259	
0.0	-0.593420535033	-7.09861761111	
0.0	10.02464306	3.99206995985	
0.0	10.8614457778	7.57918824133	
0.0	5.30981923912	10.2145536939	
0.0	-6.72286031079	-2.3671799375	
0.0	-7.8421550086	-3.24870700595	
0.0	-9.55806321422	-6.46523568989	
0.0	3.43831234184	-1.3171628092	
0.0	14.0772497853	5.02995657651	
0.0	14.314992554	4.84536221036	
0.0	6.10232221985	-4.49610675204	
0.0	-11.5254080512	-8.92775740193	
0.0	-12.0268108492	-7.89010100388	
0.0	-14.3181125996	-0.891323732245	
0.0	-6.39850578879	8.55683727368	
0.0	4.67434798114	4.24311191713	
0.0	13.8308839221	-1.66115252517	
0.0	10.0428947706	-8.16414104519	
0.0	-0.00832161640846	-13.2434702177	
0.0	-5.39194208012	-0.259493139658	
0.0	-4.25889303867	0.484937034343	
0.0	-8.0482875943	14.0779607089	
0.0	-7.38901821393	14.3476212034	
0.0	1.09829321282	4.0968094082	
0.0	9.07140053868	-9.78351806917	
0.0	2.46990310435	-15.5733520566	
0.0	3.13125048427	-15.6961106402	
0.0	-1.61834033367	3.22787811851	
0.0	-4.4460897628	13.1940610061	
0.0	-3.97672807688	13.7049319903	
0.0	-8.81703374464	5.48232582682	
0.0	-8.4142132625	-11.4482353184	
0.0	-0.369776908991	-16.31209113	
0.0	5.22350951613	-11.592481172	
0.0	7.88630060865	-0.626161519832	
0.0	6.15609650045	5.18940642002	
0.0	2.03797762824	10.2118520563	
0.0	-0.530729620065	10.0661386869	
0.0	-14.2279038386	-6.47783038159	
0.0	-7.12429964138	-6.71380513971	
0.0	0.844845092518	-4.27313672866	
0.0	10.5154428465	4.11084647304	
0.0	11.0738888766	4.59883766114	
0.0	10.0262183464	8.1731734887	
0.0	-10.7406024357	5.86055563139	
0.0	-16.1783492762	2.15895587282	
0.0	-15.8343248869	1.6477605093	
0.0	-9.27227686051	-7.34936255421	
0.0	11.6167969995	7.61824818567	
0.0	12.0556790072	7.87266509983	
0.0	4.04092686417	-3.86766358285	
0.0	-10.2460910917	-10.2670046058	
0.0	-8.49990090561	-9.14149305229	
0.0	-13.4945238713	0.256310326069	
0.0	-0.42553328756	12.2312877859	
0.0	-0.223988120425	13.0894495822	
0.0	14.7527769166	-7.60593771057	
0.0	10.6071238655	-8.68339726435	
0.0	2.35659801667	-15.3546664802	
0.0	-3.76175649536	-15.1715976827	
0.0	-1.69551286719	3.15813475297	
0.0	-5.01189965913	12.7059941329	
0.0	-5.35221496511	12.925195931	
0.0	-6.04042750814	11.0988949866	
0.0	-2.56312508601	-14.6311002425	
0.0	0.413331475754	-17.1305105761	
0.0	0.323360050651	-17.0711310096	
0.0	7.39683520949	-10.7323688884	
0.0	1.52754051416	5.48752499864	
0.0	0.605331186289	6.61254251878	
0.0	-13.0345093313	8.54972172853	
0.0	-11.8602240701	-2.05982555782	
0.0	-3.08635533789	-4.13701150214	
0.0	6.01331794019	-2.41725478118	
0.0	12.3356036103	2.85704627926	
0.0	12.3916054644	2.78716273273	
0.0	6.89861012623	6.84753704853	
0.0	-11.4877010117	7.34863095403	
0.0	-13.2465496917	0.439251787417	
0.0	-15.8823909633	0.183944782157	
0.0	-5.03889294391	-3.55227885274	
0.0	13.6500403719	8.99739472843	
0.0	13.7365410361	9.18752483345	
0.0	13.84788573	7.95874942398	
0.0	-3.48867242581	-10.4483638429	
0.0	-11.0239290192	-5.72421265433	
0.0	-14.5591764385	1.71511385219	
0.0	-1.84062657265	6.93152005187	
0.0	6.6476769744	10.944304369	
0.0	10.9066142263	6.294294963	
0.0	10.8646907949	2.96975195847	
0.0	-0.280403724421	-5.00231203081	
0.0	-0.58999320016	-4.77776712803	
0.0	-11.530904745	7.36526946326	
0.0	3.39052108416	11.1313701177	
0.0	6.97809412034	13.8242510429	
0.0	-1.39108447106	13.9896942984	
0.0	5.56410039712	-8.47979288638	
0.0	1.4907737039	-17.0887691096	
0.0	1.56498110142	-17.1278914406	
0.0	7.3195282992	-10.8939945783	
0.0	2.53571064005	6.25803634549	
0.0	2.56235929045	6.53363120216	
0.0	-11.9821676514	4.5722685709	
0.0	-13.4365657579	-3.10914486984	
0.0	-8.47729319986	-13.4795377545	
0.0	6.10326460727	-15.4853450303	
0.0	13.3195270469	-9.00704613313	
0.0	12.7312090872	-4.80502897586	
0.0	-0.418427100882	5.03646380227	
0.0	-4.77880770277	7.58188238186	
0.0	-9.13899458388	-0.0213937386338	
0.0	-9.20316174044	-0.552911505277	
0.0	-2.32496858038	1.16118445785	
0.0	13.8628567064	-1.20169563085	
0.0	13.875854162	-1.33118403968	
0.0	13.9497390397	9.10821373729	
0.0	-4.922964691	-3.72459417739	
0.0	-16.5700644467	0.875752218951	
0.0	-15.5534206105	2.29643060607	
0.0	-10.6234395733	6.04065460974	
0.0	8.51777574496	8.10125501088	
0.0	12.1436985251	1.09894637561	
0.0	7.49218123964	-6.83653805509	
0.0	-2.26653003917	-9.66962909264	
0.0	-6.29986017829	-8.44352982645	
0.0	-7.18832899887	-2.66604349533	
0.0	4.03667631781	9.32450109333	
0.0	4.17323921715	9.53556007045	
0.0	7.62888638484	5.10927295518	
0.0	2.90848789908	-5.38080805076	
0.0	3.34527884565	-6.45917649242	
0.0	3.61319411502	-6.70418052507	
0.0	4.94357308436	0.571513657028	
0.0	2.28977291105	11.3674713234	
0.0	2.51606927166	11.6580333902	
0.0	-0.371600948036	9.93087635181	
0.0	-16.1041753325	-6.10562600656	
0.0	-1.88835687063	-16.6690898667	
0.0	2.5631457875	-12.0770015435	
0.0	9.6336006952	-6.14100457589	
0.0	12.2020147134	-4.45964382404	
0.0	-1.52020870186	5.07797596747	
0.0	-4.25531983564	0.510216924175	
0.0	-8.27377443301	0.0357304794183	
0.0	-9.09170544579	0.692933221312	
0.0	-2.70680363453	2.27833838002	
0.0	13.2235440718	-6.21438618657	
0.0	13.2199453856	-6.27183678308	
0.0	13.0916320652	-6.54168761243	
0.0	-4.51813973672	2.03321759066	
0.0	-7.220583344	1.97690391506	
0.0	-7.88562359101	2.64637500915	
0.0	-7.84219298131	5.49232025071	
0.0	16.3335408439	-2.88506644559	
0.0	14.2916521903	-2.81342516253	
0.0	9.51839623836	-7.84942434061	
0.0	0.420240195876	-11.3376610611	
0.0	-7.5397796337	-9.24562755552	
0.0	-13.8141848238	-6.56362089127	
0.0	-0.675638919505	9.51343296746	
0.0	3.56520861329	10.9237855424	
0.0	7.62026322646	4.48654011437	
0.0	1.55036079574	-5.84792462604	
0.0	1.54334163486	-6.20999490442	
0.0	1.6981988059	-6.64170364203	
0.0	3.86151077253	-0.929998611741	
0.0	5.01784505965	14.9536645216	
0.0	5.04434996879	14.9696508229	
0.0	3.08533899649	12.3910310854	
0.0	-6.90716755071	-5.9677755606	
0.0	3.33812896067	-7.31017766269	
0.0	2.84632089473	-7.1701768778	
0.0	4.72452432683	-4.17215580913	
0.0	8.80143886649	12.0456806565	
0.0	6.02285559994	13.160171459	
0.0	-13.3045905146	0.445791023497	
0.0	-9.74767031735	-2.52983118882	
0.0	-5.96181059842	-0.544868664169	
0.0	-3.1245005987	-7.38624904711	
0.0	14.4265494393	0.888509780299	
0.0	13.849399498	-5.48688331336	
0.0	14.3681246616	-5.24692017851	
0.0	-5.69510572941	3.50722529688	
0.0	-7.0268690438	1.79649650458	
0.0	-7.15935184263	2.17880572657	
0.0	-5.44379659041	3.39831771991	
0.0	15.8632965451	-3.98849072816	
0.0	15.2133501997	-3.33267354794	
0.0	15.6038802389	-3.03685050417	
0.0	-3.58496689224	-15.1812874865	
0.0	-12.3953522046	-3.28751947775	
0.0	-12.2209047245	-1.5608500546	
0.0	-12.741090395	8.67280555393	
0.0	1.48860128991	8.10110658006	
0.0	8.72925701893	-0.650373841574	
0.0	7.23429266695	-1.5181401779	
0.0	2.69145785517	-8.30046995238	
0.0	2.72911586296	-8.26076584134	
0.0	-6.14925128369	-5.39565907269	
0.0	3.04285029128	9.18617329232	
0.0	4.16303773574	9.90841341335	
0.0	3.58298376271	10.7623613538	
0.0	4.72927429877	-0.653146481201	
0.0	3.19395190057	-10.169843544	
0.0	5.13110405856	-6.10569141447	
0.0	5.68579915577	-4.86502224039	
0.0	7.62693287067	11.5304779516	
0.0	5.82118073039	11.7090397133	
0.0	4.45705868029	12.7618786032	
0.0	-16.0769070975	0.263684342756	
0.0	-10.1942070718	-10.097227883	
0.0	-2.10489720092	-10.0033363268	
0.0	7.55458225795	-7.00739537252	
0.0	8.91008171064	6.85230288561	
0.0	8.78360756656	6.953047658	
0.0	-11.7689044641	6.51159996336	
0.0	-14.0173071654	2.71464492311	
0.0	-8.08493529047	2.59275154323	
0.0	-2.44198042243	3.05288185675	
0.0	14.8708177318	-5.70624478897	
0.0	15.1424996761	-6.45330519573	
0.0	14.8798413629	-5.9523029387	
0.0	-3.75995280807	4.22497926829	
0.0	-11.273998076	3.77663668278	
0.0	-11.3646809331	3.83316667857	
0.0	-7.77811010625	6.49308441129	
0.0	2.18762182922	5.94537807529	
0.0	11.1766376927	-3.6089806797	
0.0	6.97576922584	-9.30070089129	
0.0	2.45927202669	-17.3832229228	
0.0	-8.31878743139	-13.1862208853	
0.0	-12.6067990789	-2.00288311237	
0.0	-13.0971555921	8.65742529857	
0.0	-4.12733565836	11.1206326001	
0.0	-3.82135289963	11.0638434322	
0.0	0.521814525882	-3.3981653671	
0.0	2.28358463097	-8.48096724566	
0.0	1.11553509993	-11.7493369238	
0.0	4.77984886032	-3.94386764961	
0.0	9.55254735819	13.5862840569	
0.0	7.77314663337	13.9676368681	
0.0	4.81386695756	13.568941456	
0.0	-14.6656469684	3.3116853974	
0.0	-3.26061883271	-10.6509905443	
0.0	-2.22417959634	-10.3473808282	
0.0	14.0123530167	7.95491031342	
0.0	13.500297653	7.78244918639	
0.0	6.51427449205	11.1151830587	
0.0	-9.53765641984	8.53194768046	
0.0	-10.3684663791	-5.0075062537	
0.0	-10.2502175891	-5.09934649077	
0.0	-1.25095559582	-5.35977835122	
0.0	11.0412443483	2.02995670359	
0.0	12.8803695748	1.4100240506	
0.0	7.3548620403	3.23839347893	
0.0	-3.45975915049	7.13419784282	
0.0	-11.8325144787	0.962939170909	
0.0	-12.1514571168	0.205266848137	
0.0	-4.3541220685	5.1757501556	
0.0	2.52729785132	5.48025636262	
0.0	12.5488046511	-2.86716014688	
0.0	9.95788865132	-4.47002772235	
0.0	-0.178635573549	-16.9546648737	
0.0	-8.24841080122	-12.9582962513	
0.0	-12.5850673584	-2.30698581647	
0.0	-13.5301372207	8.0209248147	
0.0	-4.97933797776	11.9615164202	
0.0	1.30236783578	5.54881872696	
0.0	7.93496124147	-9.67014054639	
0.0	3.72336601679	-16.6156990415	
0.0	4.23986194159	-17.09426278	
0.0	-2.52369366081	-0.829007283873	
0.0	-4.05021016562	10.4147987575	
0.0	-6.53006496935	14.048770098	
0.0	-3.59602800303	13.8849353167	
0.0	-7.34637793663	5.35293466304	
0.0	0.0638418602434	-13.4216947215	
0.0	0.336642981632	-12.5150252961	
0.0	7.5381354333	-6.97739257426	
0.0	8.63185515015	7.78518078332	
0.0	3.03758707998	15.8727616544	
0.0	4.00954769231	16.1094326295	
0.0	-15.832217986	2.36420217072	
0.0	-10.4925856618	-7.01044838416	
0.0	-3.33841974226	-8.05588588856	
0.0	-2.36019947123	-6.91510100835	
0.0	9.97651649192	4.96869598388	
0.0	9.13591867535	4.98725867902	
0.0	-9.04931305206	-7.23152356716	
0.0	-12.9013685118	-6.86785045216	
0.0	-12.8248182148	-6.86883113543	
0.0	-7.68727435941	-5.99030257888	
0.0	7.58249638425	3.54324220226	
0.0	8.92091956222	1.53956400164	
0.0	10.0028325097	0.235224410196	
0.0	2.80576002355	-11.7010841677	
0.0	-16.1768319498	-6.09808917416	
0.0	-15.9008796088	-5.87776805275	
0.0	-0.733239369704	10.3347595787	
0.0	-2.52415211531	9.9631389192	
0.0	-0.320551312001	5.02559456427	
0.0	0.854106870493	-0.0805819455177	
0.0	3.70466026251	-16.7219175353	
0.0	3.3380435459	-16.6960139106	
0.0	-10.6589483564	-0.730813976684	
0.0	-7.33485636059	13.1936707486	
0.0	-7.08201859065	13.9502480251	
0.0	-7.35372078203	13.6136737246	
0.0	-1.80680787057	3.09832681798	
0.0	2.34196310428	-15.4128537447	
0.0	2.19370213191	-15.4575491077	
0.0	16.0099888197	-3.20881382764	
0.0	16.6927940247	-2.89364062963	
0.0	-3.6546047202	14.4352845924	
0.0	-3.44579898711	13.3550252	
0.0	-9.65678420572	1.60724547387	
0.0	-9.78383949447	-0.375837398029	
0.0	0.424566379316	-12.0706026037	
0.0	9.46430729646	-7.85583783977	
0.0	13.2974216936	0.438071042164	
0.0	-2.61749841845	7.4818933819	
0.0	-6.67157676523	-2.04959556432	
0.0	-9.3815949702	-2.69752150067	
0.0	-9.49261025847	-2.75085139348	
0.0	-7.62460311328	-7.48157769978	
0.0	12.4643881704	5.11279656126	
0.0	14.1324721009	4.76861217826	
0.0	14.2045314611	4.91911039115	
0.0	3.74661627371	-1.25930395895	
0.0	-8.50302290305	-6.64342394548	
0.0	-12.6233241863	-6.52489130935	
0.0	-0.450786437227	8.30934759792	
0.0	8.51431299562	12.7991641823	
0.0	9.31564241045	11.531583817	
0.0	7.35052345614	-3.25510399975	
0.0	0.974141348668	-8.74278434026	
0.0	0.0752256193655	-7.44862167698	
0.0	-3.26940427788	-2.7933952187	
0.0	-3.37923314866	8.54297250121	
0.0	-4.05178899303	8.68623987222	
0.0	-2.46974066618	9.80669538913	
0.0	1.28207695604	-2.16562086545	
0.0	5.70181081763	-15.3452931149	
0.0	5.7482674289	-15.3505083985	
0.0	10.1137564904	-11.2205696279	
0.0	1.29377258993	4.33697188136	
0.0	-3.99070352485	14.6806439285	
0.0	-3.43608958052	14.5840684477	
0.0	-7.92087760485	5.26117439756	
0.0	-3.08484996419	-14.7669305015	
0.0	1.77328200795	-15.1894620555	
0.0	9.8025566113	-8.50482946955	
0.0	13.3665870008	-1.95293168591	
0.0	3.46118129211	4.34690717461	
0.0	-4.95791288705	7.31173249584	
0.0	-12.0608844053	0.170661690834	
0.0	-9.93043988548	-1.46719060196	
0.0	-1.40478763647	-4.27542514606	
0.0	14.1049048043	-9.62887469929	
0.0	14.6528221249	-8.47425938448	
0.0	13.2076723758	0.362341965144	
0.0	1.72873937244	-0.853332174962	
0.0	-13.8102958709	-0.692090524849	
0.0	-13.9385397498	-0.586984370913	
0.0	-6.56296997184	8.69840681013	
0.0	7.63911139831	10.6216839929	
0.0	14.0752681492	3.87467831429	
0.0	10.4109795499	0.2230616253	
0.0	4.22424882251	-5.14306774423	
0.0	-11.3014191354	-10.2730714804	
0.0	-13.0146069648	-8.01345710004	
0.0	-8.14049924046	9.08655733269	
0.0	2.27028839603	15.4756710492	
0.0	5.96625599817	7.99101307758	
0.0	0.73790269889	-4.46745009072	
0.0	0.691116301273	-8.75440804718	
0.0	0.524177184627	-8.93509492798	
0.0	-2.36151927774	-3.33076553576	
0.0	-2.81248828847	9.90236121386	
0.0	-6.89961846583	13.597129961	
0.0	-7.07456078551	13.3610066193	
0.0	-2.60950083518	4.11347098867	
0.0	-0.733480826985	-13.6667173199	
0.0	0.925336336877	-14.84590388	
0.0	10.4346685028	-7.29305811271	
0.0	3.09480950137	2.98672168142	
0.0	-5.67894408077	15.5285234484	
0.0	-7.81424836718	11.8938760458	
0.0	-7.62868937468	1.96063889484	
0.0	-8.72324378626	1.41062945854	
0.0	-4.00454193885	-14.8837105661	
0.0	9.90618748457	-10.3076967779	
0.0	12.8645145438	-4.87319248724	
0.0	13.538555679	-8.21205996703	
0.0	-1.6555983365	-1.41522910829	
0.0	-10.2225595657	-1.62357514514	
0.0	-12.3985698869	-0.649236682946	
0.0	-4.5258362931	5.12767876622	
0.0	5.1918670326	3.55079776627	
0.0	12.3348123731	-1.32300648285	
0.0	12.262917531	-0.827633088679	
0.0	5.88304847159	-2.71287463862	
0.0	-6.872164113	-7.356941794	
0.0	-13.8605304017	-6.40362587748	
0.0	-1.03738917402	8.88305771406	
0.0	6.16529728751	14.3951526356	
0.0	8.11555230449	10.633977663	
0.0	8.10219367432	0.853073697861	
0.0	1.21371721432	-7.59704517554	
0.0	1.10269570909	-7.52548578302	
0.0	-6.44433488481	-6.51418167641	
0.0	-8.17842669484	9.14310147208	
0.0	5.05857845562	12.4850580239	
0.0	4.57497157812	12.1804628899	
0.0	-6.35143141777	-3.55336410062	
0.0	-3.01913735333	-8.11642864742	
0.0	-2.94575285876	-8.20984382166	
0.0	13.768559022	7.96814487193	
0.0	11.8438484772	11.8435390433	
0.0	6.62627631676	15.6669572018	
0.0	-3.21632780058	13.9690234153	
0.0	-8.286984884	3.05542133398	
0.0	-8.64194903646	1.20559634375	
0.0	2.36213747518	-14.2756284296	
0.0	10.4201955977	-9.24794438555	
0.0	15.0435559418	-5.57114091818	
0.0	15.6222868774	-5.05218446436	
0.0	-5.6687284474	2.16383214449	
0.0	-8.10907519663	-0.126103803808	
0.0	-8.2573748113	-0.225538921049	
0.0	-3.45035693609	-0.640299058354	
0.0	1.01408716916	0.873326423708	
0.0	11.3657606158	-3.68830838998	
0.0	10.6583807922	-3.99854030701	
0.0	7.30741815579	-10.9241428711	
0.0	-14.3323870018	-4.36061923431	
0.0	-15.3495175249	-5.0168299356	
0.0	-1.18940343666	11.3553154085	
0.0	2.33223856506	11.3186795361	
0.0	8.35685233301	9.69451709665	
0.0	7.83012009259	-2.77248487884	
0.0	2.51051224787	-11.3477204915	
0.0	1.67694010702	-10.3037031083	
0.0	-7.69634289115	-7.83045554493	
0.0	-6.74248542093	-2.23073692455	
0.0	1.2826555545	13.60205993	
0.0	1.30262930783	13.5440910337	
0.0	-3.78474573055	-6.72800306964	
0.0	-1.47901203715	-9.93871300391	
0.0	-1.41504496505	-9.88701977766	
0.0	-1.94665165806	-8.9741545258	
0.0	6.6539429073	10.9077109087	
0.0	5.90841534874	11.4458551635	
0.0	4.74174384614	13.5970308241	
0.0	-10.7006708176	5.95917831488	
0.0	6.11351544606	-6.34849881752	
0.0	6.31551065412	-6.23118457109	
0.0	7.56770206756	-5.30261821379	
0.0	13.4693403255	1.94539177512	
0.0	7.95038265497	7.80985557954	
0.0	-2.94934673248	7.45757588707	
0.0	-11.9457364368	-0.420701443268	
0.0	-11.4053169517	0.902411213882	
0.0	-11.0087531711	-0.78089057075	
0.0	12.9407551348	-8.40553572661	
0.0	13.7656866417	-9.05424837775	
0.0	13.6229618006	-9.12774153048	
0.0	-1.07818203847	-1.86046885155	
0.0	-12.4613429352	-2.05956871729	
0.0	-12.2895186254	3.85663629216	
0.0	-12.0159082472	4.61986739349	
0.0	2.65856978891	6.04827711708	
0.0	11.4171450015	-3.12769374601	
0.0	10.998391867	-3.6867394933	
0.0	7.16805512873	-11.162372257	
0.0	-0.422466345175	-16.9279645504	
0.0	-11.1032748903	4.0591657287	
0.0	-7.41645003581	6.98493250976	
0.0	-2.2059508889	11.3901353736	
0.0	-2.5459988225	8.10439901485	
0.0	-1.12134061341	-0.169610613794	
0.0	-3.49436985795	-8.58128970191	
0.0	-3.47678551946	-8.9093912884	
0.0	-3.73546585368	-10.0277227308	
0.0	-10.0239446579	7.43506988267	
0.0	2.962766112	14.5026529449	
0.0	2.74263633156	14.4779521836	
0.0	-9.97617721693	8.40167342267	
0.0	-3.65001672849	-10.5058101852	
0.0	-1.90462453136	-9.72060064309	
0.0	13.9173297874	7.84028394459	
0.0	12.2208968528	11.3696355362	
0.0	9.62464290479	13.1401300839	
0.0	6.10018172983	14.0599624826	
0.0	-13.332194396	-6.32694497548	
0.0	-11.5430660803	-7.54953590485	
0.0	-6.87640553406	-7.2692872276	
0.0	7.98474845344	0.0718156049361	
0.0	9.13800869335	0.136971323909	
0.0	8.77801744911	-0.169624653283	
0.0	-5.04018156937	-5.1610917459	
0.0	-15.3236318134	-4.34628529585	
0.0	-15.3327113935	-4.00226423963	
0.0	-14.8989839109	-3.4741075562	
0.0	0.672850533563	6.36561268947	
0.0	11.1040151649	-3.52042505624	
0.0	9.90081575218	-4.00832292849	
0.0	6.22535568155	-11.6228909888	
0.0	-2.43639769872	-14.3715886831	
0.0	-10.7551500334	1.79616055291	
0.0	-7.28166148345	11.682491717	
0.0	-5.62815432552	14.8864042031	
0.0	2.83748349093	3.11394928766	
0.0	15.2024818441	-2.20260793548	
0.0	0.97236279014	-14.8118484828	
0.0	3.09879216467	-15.1805961385	
0.0	-1.66920286215	-4.11867747319	
0.0	-10.074601373	12.0464419145	
0.0	-9.91235217066	12.5401642063	
0.0	-9.89316524793	12.4895114808	
0.0	-6.37123249579	4.08294606038	
0.0	-3.29676560837	-10.7846568746	
0.0	-2.91625773271	-9.88538908315	
0.0	-2.46423620268	-8.52063838845	
0.0	10.3823689809	6.83368897117	
0.0	6.421452939	11.3382867935	
0.0	6.45481054115	13.6817386191	
0.0	-0.600022219102	8.10804278539	
0.0	-13.0445213651	-8.71811334529	
0.0	3.34957985988	-4.2208701146	
0.0	7.95499681215	0.123059385579	
0.0	9.32393198041	1.97966878223	
0.0	9.45211397923	2.14093000614	
0.0	2.89967214977	8.71088833611	
0.0	-15.3318415702	-6.89792577029	
0.0	-15.2548712015	-7.12825724907	
0.0	-7.01825234428	-5.33382122848	
0.0	7.66313628398	-0.283705162883	
0.0	8.4727720285	-0.479431052711	
0.0	8.3596196856	-0.836981952383	
0.0	5.49906815129	-8.55389990733	
0.0	-8.51582065699	-11.3048604965	
0.0	-15.6539279897	-1.29501848154	
0.0	-5.97773777279	6.82347080119	
0.0	9.51817516432	14.2970866489	
0.0	2.55405309133	2.53836887784	
0.0	14.1098193624	-3.92866520918	
0.0	10.1194552756	-9.87411049406	
0.0	-5.21782527759	-14.2867953893	
0.0	-5.46537158063	-13.9672074524	
0.0	-9.08188925439	11.1298939451	
0.0	-8.68622619822	13.3996740962	
0.0	-8.39369886264	13.7981872598	
0.0	-3.63554161268	1.43113539907	
0.0	4.5333340733	-15.3304510654	
0.0	4.14978780682	-15.7551941995	
0.0	2.57501151879	-14.9847987107	
0.0	-3.09959514064	3.98017967773	
0.0	-2.24019837899	11.2174483214	
0.0	-4.72276131086	7.82255819683	
0.0	-5.06506613906	6.97672575074	
0.0	-7.68514596627	-10.9831213501	
0.0	-0.445161631538	-15.2561533603	
0.0	7.63366853687	-3.01840162726	
0.0	14.4867362388	4.72287679048	
0.0	8.72905887617	10.2846660965	
0.0	3.1342214573	9.96951205108	
0.0	-7.86553531176	-4.71882573061	
0.0	-7.87033728677	-4.77040423692	
0.0	-6.77716189799	-5.56012984035	
0.0	8.08665773595	1.95957185285	
0.0	8.18531384833	1.67065924108	
0.0	8.0046450051	2.4318482499	
0.0	1.23908432681	-6.07013909047	
0.0	-9.1672867174	-3.26476659646	
0.0	-9.49722541127	-3.15189254549	
0.0	-13.5186956411	0.470535228557	
0.0	6.30577418264	12.9888593189	
0.0	12.0748212631	11.852695397	
0.0	7.66342553086	-5.23874257731	
0.0	6.47872274479	-5.97396473259	
