-1.0	6.68432652692	3.88801082006	-14.4296316089	
-1.0	-9.06740984996	-4.67928794181	9.20915432704	
-1.0	-3.17002323239	9.12965657238	-12.5955747748	
-1.0	-5.07671000005	9.36640146663	-11.8859866801	
-1.0	-1.55233590064	9.0487098351	-13.3566373344	
-1.0	6.00224630369	-11.3468791503	10.1438125777	
0.0	3.48690762271	-9.35723023616	-6.51995086851	
0.0	-3.59076044693	-2.05153390087	8.89296489881	
0.0	-10.4531203607	2.14162455897	1.99649333911	
0.0	-8.4529375902	0.856517106137	-6.78179885694	
0.0	11.3323975281	4.52082697037	7.46369898794	
0.0	-4.07477647557	-4.15862141629	-15.0713924447	
0.0	-5.34012946504	-14.8806843892	-3.56290537349	
0.0	4.40341793645	1.53257990018	-5.02323156728	
0.0	8.82510292605	1.9350408686	-10.528293618	
0.0	-6.09915988666	-5.26014526142	-10.1029662482	
0.0	5.66827886005	9.33863277299	-7.63718163762	
0.0	-11.9467337929	-10.43187521	-2.79369136989	
0.0	0.547394031504	-8.98962008796	-10.3192730227	
0.0	4.9257652849	4.98069747636	-4.6319878382	
0.0	1.05377337429	11.4175014819	0.0840991030933	
0.0	5.0591746487	11.5729542886	-7.62545182908	
0.0	4.72132326309	8.32878753578	6.6969218251	
0.0	-9.59616194782	-11.4590294925	-1.30043131645	
0.0	4.3275001337	1.4021267931	-14.6819857536	
0.0	11.4990491721	-11.9611132936	-5.95132209354	
0.0	3.83360001931	4.6635514343	-5.84978200301	
0.0	4.22008567478	0.441929184019	-1.57697218493	
0.0	1.27449590267	-15.6218737606	-6.9968637106	
0.0	7.89065033891	7.82949748956	13.3105010867	
0.0	-15.3933377782	-1.33709034919	-3.05412791047	
0.0	3.06097775477	-16.6802758242	1.53485830442	
0.0	-2.84395408356	-14.360604097	4.01059127451	
0.0	-5.57285309942	-18.4912183042	12.3190649699	
0.0	0.836504783039	10.2218602448	-4.29553247475	
0.0	-5.60074568927	-10.1509012533	-7.3178829241	
0.0	5.8846500843	-7.01120972136	-0.530531315344	
0.0	7.72118470886	-10.5547185429	-8.89109228868	
0.0	8.71795564343	-11.3048138959	-5.77628702461	
0.0	14.7076606591	-8.6029890193	-0.816890251021	
0.0	3.03573322767	2.70271210364	-3.2331597008	
0.0	1.12895481279	1.87199052424	4.55169022231	
0.0	-4.15335500105	0.610801573465	2.83006888564	
0.0	13.9133743996	1.18945672147	-24.6542266993	
0.0	6.19623055794	-7.2530051398	16.1568622782	
0.0	4.92564029428	0.00912851886995	-2.38160428482	
0.0	-5.39851233589	3.55622172138	-1.46608922659	
0.0	-14.1871983119	-1.79776583139	-6.31499995816	
0.0	4.09060107152	3.86902172465	-9.30792246705	
0.0	5.42092861956	-6.02882982569	-10.493170826	
0.0	-14.5839777078	1.23656059941	10.2478313886	
0.0	11.2871963173	3.74360556688	10.7518491472	
0.0	-8.90357005969	8.75113392618	-5.39491381107	
0.0	7.38262008598	-6.52960288352	8.15040778081	
0.0	-4.0128739794	13.131126319	-1.88188955434	
0.0	3.21793552756	6.58156258356	5.44521126993	
0.0	-0.681007527706	8.36029724147	0.542998397706	
0.0	-12.5080093152	-11.4536521328	-0.0673495371535	
0.0	7.12552634275	0.782490594195	1.9834774328	
0.0	-13.1604121915	2.40680215024	6.83546161391	
0.0	6.54587955947	11.3428906158	-3.4671188158	
0.0	18.0300770053	-4.84439990113	2.40153683211	
0.0	2.07219000128	12.6218810849	-4.97712466099	
0.0	-2.60415158497	-6.69507214557	7.83348298333	
0.0	-9.2433491888	7.77649003368	-11.5749856837	
0.0	0.352025388432	-11.4568274752	-12.993620182	
0.0	-9.18152687519	0.951818532758	10.9676858043	
0.0	-7.60416726956	10.442742706	-1.78626979034	
0.0	2.23777124581	0.804141152787	5.43180725794	
0.0	-3.18094696436	-4.05667766536	2.2786083986	
0.0	-7.72249299209	-9.55420806967	2.50366131014	
0.0	-2.94126568352	12.1173868413	-0.753437074779	
0.0	7.5307131495	0.164750206015	0.71645315661	
0.0	-1.53995999075	13.7677429444	1.60886607003	
0.0	0.0160253183905	7.48349636926	-2.34005866191	
0.0	-6.74216593238	0.869223945357	15.5729100642	
0.0	-4.83484952968	2.78274379948	-4.0413226424	
0.0	0.526054025229	-8.523890865	-3.99320180296	
0.0	-0.945343923082	-14.0627174715	10.6995151103	
0.0	-4.50993592464	-16.299374469	5.77391612748	
0.0	6.96901118474	4.12738377178	-4.82425415582	
0.0	2.95214087963	14.9076655797	8.49734548683	
0.0	8.81945473909	0.293337717376	-8.12297155922	
0.0	-0.0948864679939	-5.55557940163	-8.54940429392	
0.0	5.04134754952	-13.227421631	5.53223786935	
0.0	-18.0883798365	2.08396068715	2.78787736375	
0.0	-8.80307083369	-2.99844108549	2.67045049826	
0.0	-4.79380974178	-4.51401419261	-6.82281654736	
0.0	14.4160786134	-3.30700367502	-2.19917470264	
0.0	6.81421920728	-13.7087363171	-4.97765015961	
0.0	0.179579222065	-6.68747893999	-4.68009428168	
0.0	6.34164548153	-12.0954735881	-4.69138118204	
0.0	-6.0496411565	-9.15323846498	-1.62073376954	
0.0	4.26154947772	2.82459714317	-7.56413734301	
0.0	8.69576326406	1.58260706081	-7.46214846743	
0.0	7.47970023394	7.97187773306	-7.52290646937	
0.0	7.07654465682	2.48440847017	-3.59881051664	
0.0	4.22724784472	-10.0779783827	4.25134669548	
0.0	8.36478500034	6.92085541484	10.56502781	
0.0	-10.5853829673	-8.8696044555	-4.45684498488	
0.0	-5.5460821603	2.26347461339	2.22528743024	
0.0	-5.97565872082	-4.20578390815	-0.84168473785	
0.0	-5.68690700047	3.82495485009	4.38149292468	
0.0	-0.42476929012	1.65097806775	-13.6012831542	
0.0	4.73156042919	-13.554792552	-1.29061863837	
0.0	-0.429326990107	-4.96369635005	11.0076390244	
0.0	-1.01007932836	-4.89986446542	-3.21696955241	
0.0	-4.03864550822	10.3590547478	11.0024788034	
0.0	-13.614365848	2.28387583731	8.62113766798	
0.0	-8.42077667526	5.69458038695	10.2996445301	
0.0	2.77934738363	10.5024179016	11.4372058475	
0.0	6.13089372553	9.78717004402	11.0984603082	
0.0	3.95677479522	3.67376874909	1.86143409734	
0.0	-11.685867311	4.29075451532	-12.8334556228	
0.0	3.7292328119	-1.00537414508	-3.07726537431	
0.0	0.250588305351	9.83728329187	-10.6352389515	
0.0	12.1112910753	-9.42420402562	4.08068096365	
0.0	12.7468357644	-8.10448053182	1.53177418332	
0.0	-11.6439408302	-12.672225671	-1.98325749898	
0.0	2.10925859984	-8.28139423984	13.4020033591	
0.0	10.5626657363	12.7216212046	2.07188632019	
0.0	-5.7736834763	-5.49897647252	10.3254204832	
0.0	7.5955424998	3.45142779261	10.3950304432	
0.0	9.85449876676	3.45797724914	2.5759291433	
0.0	4.61128872216	-15.1708419647	-5.60046214213	
0.0	-1.489691137	-8.43595320816	12.2363532873	
0.0	-9.19999934616	6.50275676433	-11.9971884081	
0.0	-10.0175434834	5.71790671234	-7.65013598162	
0.0	6.63933635699	7.7700126514	12.3881584762	
0.0	-5.28449567711	-8.84113645178	-3.83467197572	
0.0	1.35414343181	-3.72069614749	7.07271746808	
0.0	-9.12541130366	2.72800873054	-8.25300140717	
0.0	-2.2928489468	5.17946676382	-9.14571652347	
0.0	-14.7434053371	4.05995397563	1.44497924941	
0.0	-7.23579114462	-5.34970879884	13.4498039649	
0.0	-1.97807851605	9.67655369344	2.4888725378	
0.0	12.465686988	-6.47496669885	2.64617970012	
0.0	15.476970292	-6.92154794379	3.9766045611	
0.0	5.50709497191	-2.25545407561	9.37412204795	
0.0	-12.8774459554	-10.1288708443	-5.53593522236	
0.0	4.21945280507	5.21626920378	10.1054872164	
0.0	-2.52729474897	-5.42944293033	8.72713025068	
0.0	9.36946983832	-3.6987001814	0.136716898529	
0.0	9.87923242647	-2.71865410159	-5.17518838765	
0.0	-3.72168170794	2.81676524708	10.7412551429	
0.0	3.73823645579	-1.48837148077	-5.97079419325	
0.0	-13.4606804873	-1.75946845939	2.33155692183	
0.0	-5.99194316088	5.42536164671	-7.55407822426	
0.0	-18.8132257411	-1.88302909643	-10.5506708718	
0.0	2.40893791025	1.31781081843	2.58264636219	
0.0	-2.05733836908	-0.860573350374	14.7924405962	
0.0	13.9182876235	0.433707901014	-1.0863277408	
0.0	3.36813084211	16.9237949777	-0.51384344129	
0.0	5.84300283771	9.72061768203	13.2600045079	
0.0	8.685823189	3.31138145858	3.85907033452	
0.0	-3.60810540268	14.9484051486	-5.2839419985	
0.0	12.802726296	-8.66292690834	-7.78321163355	
0.0	1.97953318633	-6.2861777973	3.26841515343	
0.0	-4.51056380769	11.8084638793	4.94891556859	
0.0	-7.80681268537	0.28341303163	4.18027061057	
0.0	-8.57112945513	12.6513832556	-3.26099829226	
0.0	2.89351452487	-1.2859345429	10.5013930341	
0.0	-5.23863459286	-12.6426246682	9.40689064927	
0.0	5.18039914973	1.35738792568	-8.90077840699	
0.0	0.300009949286	-1.03608684455	-15.6320979226	
0.0	-0.167438472205	-1.68534440084	4.99314360645	
0.0	3.05357830721	6.18532107339	1.0571075068	
0.0	-9.69857162369	4.20665813025	-4.52229370285	
0.0	-10.7551257113	0.252774183224	2.09282217635	
0.0	9.31867507132	9.47029644475	-11.7763206088	
0.0	-2.08165892227	-8.46914088112	-2.72368460632	
0.0	10.7513276703	-8.44683060145	-3.65296886511	
0.0	1.21760510034	-12.0660696376	-8.90660052301	
0.0	-10.9830706538	-12.3447395391	2.25316667041	
0.0	-3.08841273634	12.455590051	-3.17687874814	
0.0	5.65534933573	8.39541436198	-12.511448638	
0.0	11.9281587087	-4.09300057537	7.9576042207	
0.0	7.07497603276	12.2114329858	-2.39224570714	
0.0	6.76044408543	5.94896494986	-3.0853741322	
0.0	-5.25716617138	-8.08867714766	-5.5002049995	
0.0	-0.674642919467	20.9918919851	-5.8635416707	
0.0	-7.75483920326	-1.20936597854	-11.1473769884	
0.0	-7.1568617794	4.94104808165	-7.35022633458	
0.0	-1.61653582726	3.73642685211	-1.33221000579	
0.0	-8.59832619485	2.99349417715	13.2083739712	
0.0	13.1309626232	-1.7079495463	3.98412368269	
0.0	-0.716319986596	-14.0861937247	8.47942496291	
0.0	-5.14346020886	-7.38486025542	-9.73869469278	
0.0	17.5492020709	0.609426138536	3.81267829867	
0.0	-5.11975501404	16.6847773255	4.38268186605	
0.0	6.22350395282	-13.9936308833	-2.14704828371	
0.0	-2.32651811116	15.8719999637	1.10832574511	
0.0	1.36560393621	10.9219753975	-2.64382528628	
0.0	5.12561385464	15.9124344507	-7.43433796616	
0.0	-11.2129245707	4.87933439638	-8.16208707135	
0.0	-1.56306234359	11.6353944972	-8.7690427961	
0.0	7.2177979495	2.31287262556	2.60823594688	
0.0	5.17425057642	-7.5365429716	7.12775365382	
0.0	8.56752040525	0.572351275812	-10.5177880755	
0.0	-5.66379939291	1.088635449	-13.3710530293	
0.0	-5.44888810628	6.45475601356	-2.55424332	
0.0	-11.5459210508	-9.57323206188	3.36125737214	
0.0	-17.3539177985	3.32330068052	-2.9650984831	
0.0	-9.93811435697	-6.27778152876	3.26027575844	
0.0	-5.90492357451	-4.28268349237	8.21557214661	
0.0	-11.6113440902	-5.66242701963	0.571152989036	
0.0	-10.5448179091	12.4843931959	-8.88673948595	
0.0	-6.04840161002	12.2151299113	2.38442855757	
0.0	-6.21433696207	10.5543987291	-1.43502871863	
0.0	-5.19870574158	-8.79083214588	4.61885574198	
0.0	-1.85959350117	13.6008238053	-2.91310846535	
0.0	6.83707225415	-7.53991924652	-3.08913013891	
0.0	9.67502332572	-12.582245551	11.4677657303	
0.0	-0.929519576976	0.283020162186	-8.79694111523	
0.0	7.09607490318	12.9336084804	6.69188787587	
0.0	-10.7459905962	-10.5812639263	7.22152251966	
0.0	-6.52963402106	-5.53172602506	-13.0800963913	
0.0	-5.51457902427	-7.59100127664	16.5074189362	
0.0	10.5944875811	-8.03369293441	2.36782143239	
0.0	9.13216263537	10.0874059652	4.73219597299	
0.0	8.38827372488	12.8802888547	-3.22786174943	
0.0	5.52941364555	13.6145065945	-10.4812901176	
0.0	-7.35559845971	-10.0525165514	12.3837701222	
0.0	-6.84866798414	-3.71903403234	-3.6034974718	
0.0	14.7768776999	5.35074000216	0.612231503036	
0.0	-2.31901451981	10.6060994044	6.03146170056	
0.0	1.31602754704	-0.731850980736	-5.43634006394	
0.0	-7.38637455186	-1.59178839632	-1.24821193803	
0.0	-3.22848912248	11.1545190749	-5.76394213469	
0.0	-13.0977552447	-3.71948012132	-3.80599557387	
0.0	-6.27734326775	4.80498816853	14.910679905	
0.0	-0.612933660375	-2.75415293311	8.06236929995	
0.0	2.80448283501	12.941531001	2.32390033371	
0.0	8.10930033491	12.7816952157	-7.71810368176	
0.0	8.48249611233	10.9807563732	1.31275148177	
0.0	-16.2270478549	-4.83317663093	-0.357361962634	
0.0	-2.1325660531	-7.49756248122	6.42920140842	
0.0	3.09361726965	17.977689818	-3.44854792572	
0.0	-3.04635932938	4.48037188952	5.65961876165	
0.0	-3.39822373297	3.33043982894	14.3218540273	
0.0	-7.66077537634	-7.67439408245	5.05709159555	
0.0	-7.36282417383	4.25838518712	7.46823548456	
0.0	-1.807555087	-8.27015698495	-0.304830469102	
0.0	2.01901671177	-8.29050048124	11.8379437846	
0.0	-13.1153607265	-7.43836857278	7.77264611817	
0.0	3.56223606051	-2.25824274224	-16.8882266593	
0.0	4.82161074197	6.60926710146	-4.02265082324	
0.0	11.6018951509	-0.59264043556	-8.32714262588	
0.0	-12.6426012125	-4.17664461485	9.14140374641	
0.0	-5.98557332263	-5.65107557473	8.18256622759	
0.0	-3.77819323135	2.94601833841	-8.90968311425	
0.0	-9.8814944308	12.3690719022	8.72855486639	
0.0	2.48406540281	14.0983868666	-0.179351469595	
0.0	10.7567569267	1.19950430948	0.445446431347	
0.0	4.68603539286	-1.11568853046	2.93821659256	
0.0	-11.4538713933	-11.5813036847	-8.142348453	
0.0	3.60030852808	7.83259063902	4.77780452433	
0.0	13.8473746676	-4.90718898812	9.61176564164	
0.0	2.92023456786	17.2824553567	4.9394722178	
0.0	5.81027983706	-2.18133258234	-0.288750630808	
0.0	-0.258778606642	6.11543865816	-4.6154994814	
0.0	1.99473797224	9.08615354216	3.34698448273	
0.0	-3.36615473854	-0.501606675158	-7.77511906719	
0.0	-15.598080081	5.81780056134	3.66014749338	
0.0	-2.74614097779	-1.0832566839	5.09038448268	
0.0	-6.83900207801	9.13198138804	12.48703306	
0.0	-3.65802314246	1.24992683397	9.05290801112	
0.0	3.67490408236	11.4200692062	0.930960570959	
0.0	-1.4603262323	6.01978712205	-3.05169945359	
0.0	0.503969950398	9.11841549181	6.36723128994	
0.0	2.02982863917	-2.05341881117	11.8011021467	
0.0	-4.04482835955	8.68428981975	2.08708042038	
0.0	-8.23537483598	6.76717770498	3.55745649666	
0.0	-3.71023472086	8.58596936493	-7.07738270276	
0.0	-15.0128982272	-2.40331156371	8.69292114613	
0.0	1.20120741317	-2.14632932326	-28.9389006611	
0.0	12.2623742759	-10.0643442271	-9.15498139123	
0.0	10.6191649809	-11.5357133945	-1.01129717662	
0.0	11.4401980854	8.09885271658	2.03863359918	
0.0	-3.86965140188	11.4645304317	-14.8206581787	
0.0	12.4799580354	7.77265928166	2.29777101763	
0.0	14.8384804689	3.39477359168	-2.48597314607	
0.0	-8.76601474797	-13.088324202	-5.15156016084	
0.0	10.1916938335	3.81306349279	-2.37881149471	
0.0	6.16079442942	-15.2698136226	7.76941492317	
0.0	0.242297177262	17.8853987709	3.11316781731	
0.0	13.7960905735	-5.54829671033	2.56050954681	
0.0	6.37989828221	-5.30905377478	4.43172108574	
0.0	-8.36752211282	3.22985034634	9.69022841985	
0.0	-18.7196147264	2.85967701399	-3.13157141917	
0.0	8.65647133391	-10.9718603436	-7.0272572697	
0.0	2.41343994878	-10.7128488783	2.26233733367	
0.0	2.20130300738	-3.49210103554	-3.02743997874	
0.0	-5.4766985355	-7.88865891955	3.05271349323	
0.0	-2.0296677308	9.63377821281	-2.44889553658	
0.0	15.6592215951	-4.54674633147	-5.2780424312	
0.0	6.1600811406	2.08800307791	5.8560940552	
0.0	0.952543485837	-13.2226705965	6.0495950621	
0.0	5.14163336323	7.29806290682	12.5070011031	
0.0	-7.05908353596	-1.36877923635	10.5159820376	
0.0	7.77196813803	3.86833569288	-10.48363321	
0.0	-5.04198728456	12.2884539636	8.07125831802	
0.0	-1.10866635667	-1.23708565973	2.80769447193	
0.0	-13.0735182239	-0.547741553278	16.675923695	
0.0	-2.87362551278	-5.37980218771	5.17551138126	
0.0	5.84251793827	12.8909790637	8.94782498782	
0.0	-7.02503767265	2.14549961865	1.62313495713	
0.0	9.25478769873	-7.41375957613	-10.5760278173	
0.0	-1.51345196193	3.34825333568	7.06019672417	
0.0	-9.3431054974	8.22326301903	3.96287832667	
0.0	1.56636763955	-9.41304343181	-8.77302501533	
0.0	-13.061086718	-9.6465998147	-3.80698614052	
0.0	-3.78523501359	8.34514473829	-9.1386755882	
0.0	4.01130409615	-14.8381383282	-12.2800061243	
0.0	-13.977328685	-9.94871286494	2.84408838584	
0.0	4.88793165453	13.3188977665	0.578273214652	
0.0	-11.7931988727	-14.9697678532	3.32338557785	
0.0	-8.0830169155	-2.45125402876	-13.0186386698	
0.0	-4.07023920108	-5.47231638765	-9.10858419832	
0.0	-7.4741418217	-12.4911155927	-6.28195503294	
0.0	-0.385834135833	2.72707919879	11.2284542771	
0.0	0.0745496234104	11.9947176064	6.67756919402	
0.0	8.76036690787	-7.27033505353	-5.84793734273	
0.0	-0.336389686286	-8.44051817029	6.58714464898	
0.0	6.61276584273	-15.7553643287	7.05890481711	
0.0	-8.67187400377	-11.2006726102	1.07658581645	
0.0	8.76411275267	11.8517736191	-6.32025683789	
0.0	-3.27552441684	8.38346522119	8.15200273904	
0.0	12.37411373	-3.64957116062	6.37718817325	
0.0	7.60934890049	-6.95107858022	3.03274750901	
0.0	0.459398553119	-12.7304963949	8.51655513323	
0.0	-10.9874093245	0.600348913289	8.99611066265	
0.0	-3.59406986585	-2.96924536066	-6.46490241525	
0.0	-12.2238470764	8.99833499105	-1.7086540442	
0.0	10.9571079933	3.17591701856	-8.7388813278	
0.0	-4.12424863494	5.91595921166	-14.3202850531	
0.0	1.55865866867	-13.8123553022	4.56175794451	
0.0	-0.692902893101	2.85668739423	-9.31339641935	
0.0	-4.45519131746	-9.5211984651	10.5845649248	
0.0	-8.19268522459	4.04966035941	-4.87100980823	
0.0	3.75234157314	10.9398645514	-8.66267934559	
0.0	9.31735273902	0.101219041306	-3.68039189204	
0.0	5.90951696161	-3.98679820805	-9.7654592967	
0.0	12.175085653	-11.1530048911	-6.66307693846	
0.0	1.19888280295	-10.9677629979	-5.05366072533	
0.0	-0.119086604161	-6.83308880933	-2.76035678494	
0.0	-8.49253004635	8.95607271593	-2.0884854669	
0.0	10.404869454	13.6496025163	8.62353205384	
0.0	-1.7923157969	11.1311828931	10.3627439498	
0.0	12.8733564743	3.87525078033	-5.70899312195	
0.0	0.728650773196	-0.549653509982	2.59283203764	
0.0	-11.6174544653	-0.231848959447	-8.75980755146	
0.0	-9.08190124919	0.173394396162	-3.63534671073	
0.0	9.5745107195	11.4504306376	8.17026682352	
0.0	-8.41612217879	-3.3630756945	-2.787548106	
0.0	10.8445135737	-7.74899711931	4.89229948042	
0.0	6.16845194027	-7.3942052887	3.45192012538	
0.0	11.0743479324	-1.77553225295	7.04484288422	
0.0	-1.4225312535	10.8293314434	-3.87423947002	
0.0	5.19959816953	5.6119589818	8.77817229064	
0.0	4.97485220228	8.48819902725	5.20148645892	
0.0	3.74739759982	6.5029486571	-2.69241000668	
0.0	15.1379113842	3.63544955582	-1.23226535577	
0.0	-6.36090585465	11.4353313364	8.87421334471	
0.0	11.7763526646	-7.41637530581	-1.19559759204	
0.0	-8.20140022763	9.78327133865	8.8511505175	
0.0	-11.963125608	5.61324880813	5.86739649489	
0.0	-10.3219673745	-3.89085009622	-12.370861055	
0.0	-5.10422616829	0.033679060349	12.4428703021	
0.0	12.9633957581	-6.52439026792	-2.27602780259	
0.0	-0.885493475083	-1.44129405808	10.7907983991	
0.0	7.39680446973	-0.418078335831	-9.97137216911	
0.0	-8.32291347591	-3.26294898754	-10.5469319413	
0.0	-9.84541574654	-10.5992649014	9.28884994499	
0.0	-9.70782386537	-8.54095056263	-0.2910688796	
0.0	-2.96289947496	-3.3999909837	-9.48252289264	
0.0	7.25512664588	16.6091242711	9.86160214358	
0.0	5.22949510882	-12.6113457307	-3.28891682682	
0.0	13.5686084355	10.8341308939	-1.2663270914	
0.0	16.8824035605	-0.822346831816	0.59148421155	
0.0	8.40373136826	6.90348985859	-13.5668812064	
0.0	1.02734648257	-7.2662682483	9.21850525348	
0.0	4.27832301993	-4.48341094516	-14.0268443468	
0.0	2.97085738044	14.4459196449	-2.2828226285	
0.0	5.669536937	4.69145682953	-10.839329013	
0.0	-9.14201007485	-0.104074227221	-8.878458132	
0.0	-2.96462665599	-7.63403764397	-8.98349299981	
0.0	-1.66800249437	-1.408898365	-4.67518565032	
0.0	5.27853262231	14.8316852617	3.35276474258	
0.0	0.541377716223	-0.110135494617	12.3112191964	
0.0	8.19493833439	3.28491433647	8.46062471359	
0.0	-3.66244855636	9.21182368431	13.6400566021	
0.0	1.93625267878	0.171559151969	15.3120913854	
0.0	-5.44503470913	-4.89519165183	2.21339558036	
0.0	9.27028358469	11.8228781956	4.40710326528	
0.0	12.5761404397	-5.6900837208	4.34596128523	
0.0	-3.98985871108	5.25984251958	2.12904533119	
0.0	11.0955858992	-5.09494376835	8.68431053276	
0.0	-9.06428492866	-11.3815204087	-9.52550571571	
0.0	-7.95251101321	6.32700164158	-10.4700815919	
0.0	-5.34202766432	-5.19445878999	-14.2720436795	
0.0	-11.9304517831	-15.5380325297	-4.13017866188	
0.0	-8.36741671712	0.631949516401	6.97281715736	
0.0	10.4593116432	0.577964080503	10.2488013047	
0.0	3.12781627659	6.44169746857	-15.064016699	
0.0	-8.52517004277	-2.92169375966	-0.0892524976594	
0.0	-5.13403596931	-9.93314073467	-0.274718638158	
0.0	-13.3418581079	4.68827947015	5.22085280442	
0.0	0.0776900522752	-16.0830539761	-2.94461162387	
0.0	-2.19561542603	-14.6208861694	-5.1707901982	
0.0	7.44136478237	6.17040151011	3.63815843142	
0.0	-0.883441781791	15.7497821519	6.55068599004	
0.0	-0.448493645992	9.95940777566	-7.34084399272	
0.0	15.3543873392	-16.2653456597	-6.88879412473	
0.0	-2.48565599708	-7.88677399241	-3.54485947976	
0.0	5.52839631478	-10.13006415	-3.0325118542	
0.0	12.314961942	0.324925431163	2.54814195174	
0.0	4.54125284358	15.3619883655	6.3890185861	
0.0	12.5332209043	-5.04317526271	9.33959638655	
0.0	10.9542784514	7.64709946987	-3.54454327799	
0.0	11.5971898653	11.0056424514	-8.73754664832	
0.0	-3.63206178365	-17.0302146536	-6.94049258132	
0.0	2.31662976471	-1.83513157715	4.13853552419	
0.0	-8.07565082875	10.482051752	-13.1359517926	
0.0	5.10393339435	12.5501610861	4.1713414887	
0.0	11.7787223678	-2.19992991461	-0.964647275689	
0.0	-3.55649095275	10.0900506652	-4.37659973532	
0.0	4.04697684563	11.442262068	12.4166118566	
0.0	-0.818789732117	-12.7176974491	7.21406717639	
0.0	-7.73724414359	-0.678562159114	9.36066247337	
0.0	-3.9305816471	9.3146614794	2.29222901566	
0.0	4.86751462744	8.92779250906	-0.081737477356	
0.0	7.71622670415	-4.57819329928	-8.3395386555	
0.0	2.73421566513	-9.83104579509	0.667590880471	
0.0	0.671637271086	9.83082299999	2.6485573851	
0.0	-14.2154438735	6.34586505206	-9.09370106852	
0.0	-3.93123197624	-12.4234984366	-5.81632367349	
0.0	-8.72509614899	-1.77345059214	11.0419596242	
0.0	11.0651516617	5.63791754951	-2.69910903023	
0.0	1.43320532211	-2.5195050191	-0.609799469567	
0.0	8.2157520922	8.68220475136	6.62447448693	
0.0	0.888733188642	-5.97204865264	4.62286510076	
0.0	13.2149905572	-3.72662401569	5.06705730476	
0.0	6.96597545616	-7.09408552499	-5.64818511634	
0.0	13.4489509946	-9.90438883534	3.87844525882	
0.0	0.663956145489	13.2958590629	9.92045399033	
0.0	12.5157649856	0.322636512903	-3.83556202695	
0.0	3.27588395154	-16.0966744823	-2.08403172342	
0.0	1.62229343628	-6.47028246452	-1.65318103838	
0.0	-2.00390489594	-7.12805939486	-7.15313724174	
0.0	-13.5365150422	-4.53604152051	3.78784542446	
0.0	12.360816346	-3.73288825317	12.7502117599	
0.0	-1.28125526736	10.2978161334	7.36083497909	
0.0	1.32583974281	-2.91650936755	7.81282292207	
0.0	8.9502651554	-2.91604815838	7.36848055174	
0.0	-4.57161408017	-19.1652709667	-1.93022336063	
0.0	-0.68181246858	6.54480752651	-9.43036683565	
0.0	-1.50298832016	-2.50617633494	-6.83633701466	
0.0	3.69652279661	10.536090878	-2.87132380217	
0.0	-6.01397356798	-9.56275479014	6.91677258971	
0.0	-10.3124879057	1.66111166761	8.70664668633	
0.0	1.1683431366	7.59312292888	-10.1480933634	
0.0	-12.7652278094	-1.62456335509	11.7294353012	
0.0	9.92828349185	-8.47323002414	-2.48142039403	
0.0	8.89045574253	12.4946405986	3.04844741008	
0.0	-2.0268280482	5.76400245058	-5.60282546275	
0.0	18.7209492454	14.0819640233	-15.2374430881	
0.0	4.71369905019	-13.9420916436	-5.00790927696	
0.0	-12.1833037037	-2.67976807228	-2.60147101407	
0.0	-13.1001649495	-2.25936073888	1.03532294393	
0.0	-8.62136645371	-0.947668116505	6.52530367647	
0.0	5.77467360227	5.54664469568	0.502372690111	
0.0	-0.600659077649	8.98991198835	-4.84793268459	
0.0	-0.0290065975532	6.04195933123	1.54255533433	
0.0	-10.431874396	4.2787069713	2.86749803734	
0.0	-2.17151174946	5.9594798274	4.21130735235	
0.0	10.2082757595	-5.28567129664	-7.26338140219	
0.0	-10.6812255252	0.915119091423	-14.3471264669	
0.0	13.4780445918	8.33505802512	-0.885172030267	
0.0	9.4107791172	6.85443036659	-4.01510049383	
0.0	6.7682276266	8.11993502817	-3.04401293004	
0.0	7.24994184805	5.37263640425	6.91765986522	
0.0	0.757970105	-8.83016259013	9.22234099203	
0.0	5.64526315404	-11.0149838916	3.30024220183	
0.0	-7.48260076341	-7.72640795341	-6.099729157	
0.0	-7.05241263402	3.20005414061	5.75282168149	
0.0	-15.5146788853	8.60650577492	4.42315231901	
0.0	3.30549864916	1.52757344162	12.3007704162	
0.0	2.46323574009	-17.0679722128	7.03129421208	
0.0	-5.52676431041	-2.91985267199	12.7675095839	
0.0	5.81228638586	14.9884456481	2.0458898759	
0.0	7.87688353913	5.24642835406	-9.74509912265	
0.0	-0.853384994006	12.9489394791	1.25022672628	
0.0	5.29797313558	-8.85366694462	2.62684491036	
0.0	3.06726287798	-8.55006806935	-10.4186624942	
0.0	16.2191061988	-9.90623600434	-6.41302226663	
0.0	-11.0115001985	-7.29752866258	9.54158731498	
0.0	-16.0583048509	-5.42657521	-4.31332587669	
0.0	2.49973802688	-12.4981710586	5.37486950538	
0.0	8.56609456948	-5.43287375236	-2.4878178097	
0.0	-7.90409130242	-9.39395970071	-2.68018930489	
0.0	-5.37109615261	-7.28424768989	0.345725502257	
0.0	-1.37207462782	-4.75605336498	1.72622744747	
0.0	-15.6955117636	-10.1261769931	-2.98510856254	
0.0	-5.03418925942	-5.71453406524	15.9117691322	
0.0	-1.66993722778	3.20453550415	1.1483076305	
0.0	-9.46013736774	9.17077676561	8.82704952713	
0.0	-12.2172928346	-2.06683843344	4.43132013658	
0.0	-10.6010264234	-1.03927171152	2.63352783373	
0.0	0.281362738218	-16.1482201387	7.79754137733	
0.0	-9.19897673355	1.70554529425	3.56792099621	
0.0	-8.5680903372	8.15721032906	-7.86582380668	
0.0	9.31253063292	2.88567511592	-1.80681527929	
0.0	7.61139387945	2.90895113102	15.8519710396	
0.0	12.9489275276	-8.85376258023	-6.47507595101	
0.0	13.1154508582	-0.0209587336511	5.59631676968	
0.0	-16.2651651376	2.34027089858	-1.19556937565	
0.0	5.37887257523	9.37116943953	9.33256137967	
0.0	6.13777193225	-1.03475861432	4.85014461635	
0.0	-2.87846770368	5.42707042269	-0.617120843441	
0.0	10.1705159884	-0.828181923143	-2.54002843956	
0.0	-9.27055249761	-10.0750590541	-6.3707119996	
0.0	-13.3248713192	2.4871913622	-8.71638579025	
0.0	-6.89550483326	22.3529826077	2.92207078812	
0.0	10.3788163836	6.99296625327	-8.58709158439	
0.0	9.99363714329	9.22046510571	-2.73293495384	
0.0	12.470508199	-9.01654392428	-3.99329069231	
0.0	1.88440078276	9.9412015494	7.15470020087	
0.0	14.5942736064	-10.4804370787	-5.54155703191	
0.0	16.5255863335	-0.394057256896	5.17301569176	
0.0	0.426433484642	-8.27743951391	-7.60673780788	
0.0	-0.969059790221	-8.91716018073	3.99584907759	
0.0	1.05672882105	-7.5281319056	-6.32722159269	
0.0	-3.39938805081	-6.18598538805	14.2665099127	
0.0	7.03165555811	0.374263284092	11.2202763971	
0.0	3.39843238375	-5.07255288117	-6.4419542862	
0.0	-7.76169286864	-15.2193249566	5.06805053078	
0.0	-11.3013223296	8.81797772338	-8.99346581879	
0.0	-12.0133980384	-1.05500341795	-11.7232248733	
0.0	8.28948157699	-1.5274131518	-6.53082325842	
0.0	8.65716838584	-9.68425585648	0.199675494266	
0.0	9.82716373127	-5.59772693963	3.319589537	
0.0	8.68277214106	3.18704454499	-5.2267869809	
0.0	1.23082157985	-8.9790434811	4.95469002237	
0.0	-10.4623298248	8.34103974987	-6.97104446079	
0.0	-15.9039877734	-2.4154300189	3.49023613375	
0.0	2.29637544665	-10.3569318154	-2.07513432287	
0.0	7.65965819762	-3.24856337918	5.56822644135	
0.0	-3.41103786904	-14.3539392546	15.3138586828	
0.0	2.98201920438	3.92102687305	7.35610042266	
0.0	-5.62441802672	7.84470843152	-5.31339262023	
0.0	-5.80470035416	-4.59063965199	-8.16349785634	
0.0	2.5582089061	-6.7957534458	9.73037945841	
0.0	1.43988156222	4.84070729262	-2.12762111065	
0.0	7.27174417593	1.83000041103	-1.90064700073	
0.0	2.51890528187	0.893349044154	-8.38518542813	
0.0	-5.14748524511	2.69293607669	-9.16932978763	
0.0	4.67134335781	9.44652655507	-4.64825929897	
0.0	-4.89734649734	-5.60734112728	-10.862899265	
0.0	-5.33147161698	-14.22563447	-8.19346058476	
0.0	1.06739621086	6.10864210217	-5.46850585763	
0.0	-5.35925453713	13.7169354876	10.9391121395	
0.0	5.38519069661	-5.88666236213	0.229909787838	
0.0	8.19108082443	10.7036083026	-19.1898363398	
0.0	-10.9847904372	8.03253828243	-10.6066104033	
0.0	-4.41647472292	6.71541073063	8.3783539968	
0.0	-13.4462164529	0.330467569161	9.93992836279	
0.0	-8.01504529953	3.99522277911	6.499613065	
0.0	4.28741152531	1.6939052533	0.0405455436976	
0.0	-5.03624434571	-0.0848857470834	-2.97572387179	
0.0	-6.26899837403	-15.5141821869	-0.0716700799764	
0.0	-7.82206622969	7.29689306962	-11.8791496313	
0.0	-7.15209908658	0.124890502162	-6.06837778631	
0.0	-0.128369640027	-14.7408892572	2.03561312249	
0.0	-4.59501739226	-12.653044773	7.24561691485	
0.0	-8.70892923757	11.3236409565	9.21278003426	
0.0	1.62576055029	13.333895787	6.15225823071	
0.0	2.66995242585	5.2053054074	6.04156499153	
0.0	-5.5744841655	10.5188829906	-4.92059973457	
0.0	13.2574972516	12.1450734414	3.95442074514	
0.0	8.3976920805	-4.992276694	-0.742584747318	
0.0	9.17922710361	-7.52152486441	-9.97250393033	
0.0	11.8097064732	3.99980052846	-11.5917364074	
0.0	-1.92576166349	8.29173026387	-0.967221760551	
0.0	2.59765036048	2.73495394835	9.14414293571	
0.0	7.8444194094	-12.348223116	-7.50252013536	
0.0	7.99140746868	-9.9553555932	2.39125365133	
0.0	9.42627305049	-8.6934387606	0.897593970146	
0.0	14.1935075154	-11.0615473717	-2.18666641419	
0.0	-2.09515209381	12.4590543884	2.80373101797	
0.0	1.15853725638	12.5117958804	-12.0534845086	
0.0	-7.66708712069	9.67791384916	-4.34998664771	
0.0	-5.98618428249	6.50900876628	-4.32553999623	
0.0	-1.93655026384	-12.0034319681	7.66355536855	
0.0	-10.2074239133	-6.09360787058	-8.44098483462	
0.0	11.4859919394	-13.1705825871	-3.1641665291	
0.0	8.70456197684	-5.32912171687	7.02291189297	
0.0	0.271420463285	5.08766919291	-13.0625538679	
0.0	1.63344805617	15.1449088687	-4.59931845801	
0.0	4.8252748247	2.85343376893	8.93321293462	
0.0	-3.97604635031	15.0801323114	3.95767856406	
0.0	-2.25661113557	14.501634824	0.0688156930352	
0.0	-1.68161457014	15.0942179202	2.63712873134	
0.0	-14.3301608607	7.37730585621	-6.3982545078	
0.0	-7.22623986036	9.10970183052	-7.01814528793	
0.0	-13.6760271837	6.24886712791	1.06338737434	
0.0	-14.6911104903	3.48843934051	4.34530000593	
0.0	-3.65027966544	-8.88138925206	-14.135745404	
0.0	1.9270864189	-0.832184065155	-6.75566491385	
0.0	-3.43003989889	-0.649032278603	11.5312757899	
0.0	-3.49869795763	-10.0960065215	6.23745898	
0.0	8.40217309224	15.5416185623	0.337425505313	
0.0	-10.767094024	7.41618921322	6.49267209387	
0.0	-4.48256967836	-2.53531275687	5.09433501569	
0.0	5.43575874685	-12.3086995932	-9.51667397496	
0.0	14.7863224446	9.43182001496	-2.19131447658	
0.0	13.0129301596	-10.7623502733	0.844955595603	
0.0	9.02969975463	9.87998618297	-4.05092760279	
0.0	10.4896073082	7.72783703698	7.15367711517	
0.0	-10.2621308006	-9.97100917768	0.45635300832	
0.0	-13.3355159524	-6.14234717232	-10.8280778036	
0.0	-0.472800466513	7.39081661257	-0.702420081813	
0.0	11.4923326432	13.7030843038	9.33684483172	
0.0	4.14140270161	14.4223936781	1.56833655794	
0.0	-10.2017642447	0.122838084602	-11.2141400523	
0.0	-1.05093528047	-1.17597565453	6.90357294995	
0.0	6.96216713141	4.46506038496	-7.31199552281	
0.0	-12.7781297969	-1.44567607249	9.5165923765	
0.0	-0.66196536577	-9.97461568378	-6.55453183528	
0.0	-10.9772161214	-3.70377650942	1.72063513103	
0.0	-0.144908308195	2.6114062244	7.12117114081	
0.0	-9.37464324358	2.45008980474	8.12016577792	
0.0	-12.2647847677	1.74976010184	2.32643043717	
0.0	15.8010808252	-2.90942149783	7.44221100091	
0.0	1.2089566773	20.6421080393	12.3393065817	
0.0	-12.368788178	11.2910891701	3.04766494141	
0.0	7.3763361321	-9.09581424293	-5.9831343329	
0.0	-5.40821305231	9.10392715978	11.5348064413	
0.0	4.15070695325	-10.7011597866	-4.44872973293	
0.0	10.8808675775	8.53205957215	-8.42788445683	
0.0	-9.92773377058	-1.68682299638	-7.84723774606	
0.0	-1.71749744203	-13.1915563604	-7.96150787371	
0.0	11.3023035225	-10.1555796246	8.15264211687	
0.0	-13.8810855138	-9.41464051907	-2.02196060586	
0.0	-3.51774746776	-4.19388288823	-4.99800034809	
0.0	-10.1165567994	7.82765784274	-3.1028010468	
0.0	-12.7716538347	4.5716742322	3.3279989403	
0.0	-1.90122243659	0.726061786726	13.1146703171	
0.0	4.90747962828	3.27689530312	4.5700257486	
0.0	13.2158264932	-1.34215151027	-6.24411002253	
0.0	7.20227244752	8.55319850104	4.67715829498	
0.0	0.478220441994	-12.5577169534	-3.50770692704	
0.0	16.2058230964	7.23353690906	-13.2916383126	
0.0	1.96968248328	-4.96942368829	15.8700295412	
0.0	-0.0121227554351	-7.73305069517	-0.771602655811	
0.0	12.2807529368	-3.24360664128	0.69242192003	
0.0	-1.46598293497	8.60226308909	9.44231584124	
0.0	6.6288243644	11.5825204548	-8.26315833669	
0.0	5.698917696	-2.81547403166	10.6524580361	
0.0	-5.65161821532	5.26899971524	13.3541308745	
0.0	-3.13830306856	-6.37380149959	3.98416803279	
0.0	-12.8296563232	3.59553957919	4.56442345303	
0.0	5.80054197171	12.596872922	7.66126031677	
0.0	7.70914705933	-4.26082792373	8.07274052808	
0.0	-5.78779570584	12.4984466564	4.35632133333	
0.0	-12.5719465821	-3.26697389842	5.84006932037	
0.0	10.0815530367	9.98805351939	11.300563397	
0.0	-14.4350766394	4.28337639452	-5.99957908515	
0.0	-11.5594997182	2.58794721626	5.52448998493	
0.0	-7.11880322539	3.17623086427	2.88143153675	
0.0	-16.0429321319	-5.86075578398	4.46016151068	
0.0	-8.20669576226	-6.02284627768	-2.41527767781	
0.0	-1.31165076779	2.33115538416	-6.14863148847	
0.0	-0.859876374275	16.6253188591	-10.8955499664	
0.0	-4.87097749643	-4.65111242425	-12.8773952137	
0.0	-6.23370571474	-15.3335135114	6.92255893684	
0.0	10.2884032289	13.8229882995	0.591325685642	
0.0	10.6041634343	13.6690625818	-4.19085032246	
0.0	11.1667587036	14.5205829923	-5.40450196388	
0.0	11.1699751297	9.04936263195	-5.17297600466	
0.0	-15.1873232124	-9.61883806526	-4.06299681305	
0.0	-11.6100472988	4.42656521041	-1.26601061811	
0.0	3.33915768554	-11.5800319478	15.8401825632	
0.0	10.8096016898	-4.93155143351	0.603824352815	
0.0	0.498456213197	-6.86706140005	-11.3207767805	
0.0	0.565775911501	-2.34083841506	1.67829385999	
0.0	4.69983667084	-14.676070826	9.04152904758	
0.0	6.35526520413	-10.6903089146	-1.52681356662	
0.0	17.0674034454	-1.4053868855	-2.43457888545	
0.0	-9.89235539628	-5.08272221505	-1.29788390968	
0.0	-5.78868150948	4.17874687187	6.82091133568	
0.0	-1.679090698	12.2898757727	8.03263541767	
0.0	-7.89913707741	-8.84156257309	-12.1124973325	
0.0	-12.1732685622	-2.15898379728	7.77258176223	
0.0	1.12667997965	-4.41963151371	11.7888015945	
0.0	12.512828419	-1.47303815065	-11.1705075595	
0.0	-9.80325988655	3.41795686089	-6.54224030496	
0.0	6.99924600936	8.12270999539	1.86817245508	
0.0	3.98734604342	7.84228256325	-3.97571550898	
0.0	13.7598113178	-8.67317807082	0.880715796713	
0.0	5.47287594641	-3.98546586879	13.4916648657	
0.0	-4.5363143917	16.7592000961	2.90327231969	
0.0	10.7547847439	-11.340345381	-9.33926710877	
0.0	12.6627059034	-14.258191197	-6.636148207	
0.0	-0.756696305272	7.46780998981	5.65427359179	
0.0	-3.84214904039	7.13202973453	5.83534213667	
0.0	7.9054345535	-2.96663182037	-12.2241765088	
0.0	-15.2149177661	4.25802114135	3.03164443224	
0.0	-7.70039280923	-5.54544211231	-4.78112108156	
0.0	1.02796129291	3.27884121802	-7.01342427715	
0.0	-0.378511814701	-3.53597584445	-12.2189673295	
0.0	-10.6018568873	-16.3773382374	-6.25343031695	
0.0	11.198024277	-2.31698233934	12.0056290143	
0.0	-5.47599395907	13.0102345336	-7.37138384743	
0.0	11.5754384972	3.83386815527	5.06521539996	
0.0	-2.10884563242	2.40160554045	-9.31670935407	
0.0	7.76817209512	8.45537987553	8.49236072225	
0.0	11.980929722	1.97448479351	1.86608202974	
0.0	14.7065669897	6.46742901104	-1.27168786323	
0.0	0.491352328105	13.4801066451	15.8352732047	
0.0	3.04581841649	-7.11206106119	-7.14508014431	
0.0	3.73522220542	-9.44907337922	-2.57931259072	
0.0	-6.97307135291	-10.0287887254	-7.06640973329	
0.0	-3.4079690116	4.46665830171	-5.84239497547	
0.0	-7.21155212608	-2.3790615302	2.69002682513	
0.0	1.97413065915	6.27383479786	-4.47100045265	
0.0	-5.18142669147	-5.20879119099	-1.92383325137	
0.0	-3.60537658821	-25.1619400994	1.79374621021	
0.0	-10.665886688	6.58192434566	-9.98201388713	
0.0	-4.28517626385	3.66895599457	2.85484284108	
0.0	-4.93570452615	7.68072177992	12.1767067164	
0.0	10.7579341875	-3.92566736931	-9.0460699914	
0.0	-7.61536907936	9.37104582245	6.9566441247	
0.0	5.68791034441	-13.8389696488	3.40125055066	
0.0	7.03193354606	-14.9809595621	4.43751403725	
0.0	-13.6448565776	-7.08862114594	-5.25386995725	
0.0	9.14774088069	5.65413557429	0.379745513153	
0.0	-8.41798071009	-9.10172891888	-4.9059954253	
0.0	10.4297812552	7.72254094962	-5.42166167627	
0.0	11.4952815606	-5.01579307912	-3.91445310538	
0.0	3.33285760658	-13.2191398118	3.57769960029	
0.0	-2.8385537917	-1.74746090952	0.0490515150738	
0.0	-10.2684684383	-9.26891558362	-6.75897115332	
0.0	-4.37091656502	-10.1606721834	-4.66223874175	
0.0	-8.00951535634	14.8617687888	-6.13259689677	
0.0	-19.5395535379	-5.58887592764	-10.2904752322	
0.0	13.6866345186	-8.3860915085	3.9069803322	
0.0	12.538919693	-4.41452312876	3.04566227142	
0.0	-9.00651604023	-3.86263013313	3.21968419732	
0.0	15.094332932	10.839887808	-0.151408948122	
0.0	-4.99482844437	6.52779591307	3.38233748493	
0.0	1.85146841183	-6.78683797947	10.8914822606	
0.0	11.3146464377	-9.30449626584	-1.73372898648	
0.0	13.3943768085	-9.81396672969	-2.90736116923	
0.0	-10.2933887962	3.75526431929	7.68492037681	
0.0	-12.120601128	9.60394007754	-4.74138872352	
0.0	-10.4799372243	-7.89519556636	-5.5637893982	
0.0	4.76642592222	6.4155757372	7.54116304817	
0.0	10.0623933088	-2.22550104098	3.89650173056	
0.0	9.1822908897	10.7137201048	-9.010042891	
0.0	9.06409253466	0.858633253973	7.0578190281	
0.0	14.1243354672	-7.42869454472	7.18601358529	
0.0	7.04452134981	-3.81766498568	0.959925460413	
0.0	-6.8220758295	4.83734714534	-12.1026355738	
0.0	-11.4048329849	-6.11219386244	5.68293933901	
0.0	1.79036839588	-4.16970553972	1.26443487316	
0.0	2.40058346539	-5.0917440531	-9.09984411207	
0.0	1.59454135934	-0.943129666157	-11.6161418475	
0.0	3.29743265192	-11.5768880294	-2.5090160559	
0.0	-8.44851057245	-5.38273409144	0.0754323736084	
0.0	-5.8719749304	-0.871455785608	-4.83404833542	
0.0	-3.63097103373	11.0222816359	-0.3151778142	
0.0	6.73030022934	-7.92927221049	-1.54137736449	
0.0	5.95719720724	10.4707194899	-5.23978981514	
0.0	3.07459945537	-3.3507953955	-4.00503407009	
0.0	9.37852419153	12.8623550812	7.86815415549	
0.0	-14.0357599143	1.1552430995	0.0276468616556	
0.0	9.48294969708	-14.3803808041	2.7353197359	
0.0	-2.96633045281	-15.7476543633	-1.42799641278	
0.0	8.80816523564	-2.06119977358	3.37574608933	
0.0	12.7043325543	-5.38143941399	1.38318631774	
0.0	11.1533379436	-8.19640304489	8.90935838005	
0.0	11.3899019291	9.79692762649	-6.94124586642	
0.0	-8.47821726694	1.73318275074	-1.06023783825	
0.0	-14.8460093204	7.83598907082	10.9146841959	
0.0	-0.219809274529	9.27605447425	-1.69514514098	
0.0	-2.24382313495	13.085987727	16.6294036692	
0.0	-5.05728479036	-3.67846663489	3.21772498292	
0.0	-1.93244727724	-0.295648163278	10.0315175851	
0.0	-8.02752748442	0.0463493597017	-8.05935940294	
0.0	-18.3597466122	-7.28712309215	12.3688781237	
0.0	16.7963318166	-2.41754290275	4.97890442983	
0.0	-9.29676986305	6.77474292023	10.898403868	
0.0	14.4740889467	-8.61074475912	-4.53268334754	
0.0	-6.25234274051	10.8164475745	11.0356395834	
0.0	5.55907031056	10.3270060301	-9.81498481282	
0.0	-16.8404330823	-0.721261643429	-2.30185412914	
0.0	-3.47391450762	-6.83872271252	1.84644837369	
0.0	-1.88122913199	-16.7207843836	3.82056918629	
0.0	1.31271594871	-11.4248337051	4.59037833725	
0.0	5.63035731638	-0.33679002136	1.15401549573	
0.0	4.05249433727	3.44859578922	-0.720756650872	
0.0	-4.09468357822	8.53672036694	-3.6879321666	
0.0	0.904103881051	9.65445576274	-6.58283268358	
0.0	-7.57978426287	-9.48474444912	5.93266175262	
0.0	1.03020861344	-9.49981338227	0.991432224918	
0.0	-10.7717613388	16.2094166481	-3.16893362135	
0.0	10.676523513	-14.3931615276	-3.14524573022	
0.0	-9.48236174509	8.49034356099	0.614496288554	
0.0	3.8149261452	5.02551546336	-12.0304889744	
0.0	-13.3481517323	7.35494802565	-2.66381044615	
0.0	-15.552975446	-2.4571756502	-7.70002998678	
0.0	-9.73359785458	-0.601633845583	7.04202004783	
0.0	0.484932667734	1.84473029024	-4.96251523794	
0.0	-11.2538642207	-3.98217783523	5.32810943066	
0.0	1.0770309651	5.27547145969	5.7525816925	
0.0	10.2905006177	7.13889805585	-0.796321236271	
0.0	-8.64254429359	12.5166214949	4.55540588752	
0.0	5.77860390085	-9.44413538532	5.47257665299	
0.0	14.4511450222	5.09373936865	-3.36686410824	
0.0	11.398721176	9.68726701271	5.61619642189	
0.0	-4.67304576663	-9.16227866949	-6.99259742458	
0.0	0.623800463645	-4.14470579398	-6.30285639888	
0.0	-8.00959217377	-1.83701855553	-4.36072980746	
0.0	-12.6893107819	8.19614865013	5.17818006602	
0.0	-5.31829340088	16.2157428256	-2.37439577089	
0.0	-3.31806999726	-13.465304641	2.21311996669	
0.0	-0.536049926185	4.31195925181	14.9518625016	
0.0	-1.43435020119	10.7667648228	8.76603045054	
0.0	10.6312984195	-1.65906551132	2.79522370614	
0.0	-4.67782591218	13.9208952385	1.5848223109	
0.0	-0.688818067762	-18.7032369551	0.0384429780756	
0.0	-7.15862870405	-13.177440525	3.313267985	
0.0	0.826816818063	-9.29770196847	7.65097840369	
0.0	-1.89345931397	-11.7468014676	-10.7618259189	
0.0	7.1161416929	-7.73528170742	11.7513879959	
0.0	-0.793425874029	-9.990549293	0.479702546045	
0.0	-2.33887058599	-6.02377080908	-1.46271640182	
0.0	15.8513820468	-0.135291323535	2.59669873982	
0.0	2.47939603527	-8.95080663917	6.52115672704	
0.0	11.7234569665	3.44049395979	-0.223910535462	
0.0	6.47459649891	-12.2087611184	-6.33371110215	
0.0	8.5957503164	13.8427619429	-7.46692444045	
0.0	-4.25916692482	0.551326366445	-5.716452214	
0.0	17.365101352	3.45571912705	1.31821900841	
0.0	4.44804775113	-8.92318003866	-5.31900243247	
0.0	-1.5147356916	-13.5302931674	1.60823847443	
0.0	0.28416869779	0.919429836883	-3.66383890674	
0.0	-4.03060816319	2.14112436453	7.1987262651	
0.0	-2.22302040572	3.41598475403	-2.86059945581	
0.0	14.2072155463	6.64860014039	1.12353532535	
0.0	2.44730202298	-8.61288690459	-4.43740578768	
0.0	-0.363739654376	-10.9801879272	10.5444487051	
0.0	-10.0915247527	-11.4523444035	1.24915925652	
0.0	1.89015313775	7.37174518877	-9.01278441069	
0.0	10.3394419829	2.44966265577	1.25717961201	
0.0	11.9933383177	2.17596054764	-0.686680969009	
0.0	3.47411865596	7.54682357358	3.38756677921	
0.0	-10.0853652142	12.026252822	-0.0657571701132	
0.0	-6.93438466683	-14.6679425945	-10.9513101667	
0.0	-3.775748802	2.79260848199	-11.9535202674	
0.0	3.33409288498	-0.893318314681	-8.57507900992	
0.0	1.06213668973	3.08347900382	-1.47202612753	
0.0	-0.674029280162	2.27587485205	-2.12074291732	
0.0	-5.49908951532	1.43170136308	8.69246853387	
0.0	6.04511774656	-10.6958489693	-12.6916806822	
0.0	-11.850121653	8.41388116373	-4.65610137639	
0.0	0.0183283545271	5.15916195707	18.1808450623	
0.0	-0.513694173571	3.57823952162	4.46791449481	
0.0	-11.9630842287	9.0755391115	10.7035873062	
0.0	4.03019452907	-10.2450497196	-7.87302649783	
0.0	-2.17598757891	-12.4466319029	-2.66961977356	
0.0	-11.3480887177	5.30403614512	1.89565897127	
0.0	-4.75575788744	-1.65184694179	3.44685323181	
0.0	-5.26253998659	9.52782183772	0.89098571057	
0.0	10.4162686836	12.5297373106	-5.89099823501	
0.0	0.802424812837	-4.80229547704	16.8597845084	
0.0	14.6568080226	2.88886360604	0.740461312161	
0.0	-6.58988331769	-15.4797892147	1.41668675719	
0.0	-12.0110046683	1.45283217287	-3.74671439954	
0.0	-7.4196376747	3.18532263789	-3.98649341998	
0.0	1.82425110189	-1.23671204644	-9.12990457981	
0.0	-2.23718253901	1.70476512763	21.8767960004	
0.0	2.44303452101	-1.42463861357	7.30745370784	
0.0	-11.5560523676	-0.779449339083	14.0825076278	
0.0	0.8255927006	-11.8774193897	11.7114039991	
0.0	6.10120359528	-8.72690624617	-0.467620227726	
0.0	-7.69727588463	-8.80497266727	0.171172143254	
0.0	6.1670653252	-7.74690350876	-7.63863665303	
0.0	-8.36018250701	5.95119926834	4.87790985323	
0.0	10.3066452485	-7.74575353575	-5.1997395058	
0.0	9.30476986921	-3.62946145254	6.0211251758	
0.0	-6.32197182323	14.07098266	2.36424293658	
0.0	0.218469285693	-8.96285108024	2.08620780255	
0.0	0.918517860517	5.46585755095	-1.23153045942	
0.0	-8.98559477386	1.61294243008	-10.580362663	
0.0	-4.77653249754	10.4078978397	7.97180507944	
0.0	5.14187071703	13.0838895645	-6.9344643905	
0.0	6.74090457565	-12.5083144395	5.42291965814	
0.0	-6.64633688269	-7.2633798043	2.3180842578	
0.0	4.92749712469	-12.6040608417	10.3649198331	
0.0	-7.33643577579	-10.0695427029	-11.5949930612	
0.0	1.22693282284	6.20994213901	11.8551590873	
0.0	-11.1560835685	13.7151494361	2.49048199572	
0.0	8.92147371568	-9.59069901015	-6.35946349477	
0.0	6.08676258341	-15.9734955078	3.14452181155	
0.0	2.53358554564	-3.5268626101	12.5292070291	
0.0	-11.40972171	-2.68450118216	-3.18367396759	
0.0	6.42406411327	3.58143924501	1.69764097746	
0.0	-2.86621760642	-16.4194906304	2.56278827811	
0.0	14.9277849673	7.60924304163	-7.54581674776	
0.0	0.309694884682	-17.6790765659	4.96601214096	
0.0	-13.5425615387	11.4684298342	-2.78674572583	
0.0	-1.61492573726	-18.017092225	-0.560885073099	
0.0	9.85803257793	3.55789328089	-5.87296459084	
0.0	9.84160934718	10.9953585197	-7.14655385176	
0.0	-2.72044920992	1.3547306123	-1.35641432438	
0.0	6.80899075028	-0.947436436769	-6.3525219964	
0.0	12.2464025207	-10.330124159	-4.91364757835	
0.0	-3.22420524506	16.7772106123	10.1577073286	
0.0	-16.8441208462	3.75371874548	-1.07698193754	
0.0	-6.65776042108	8.19028022964	-0.31725001009	
0.0	3.81228242288	-5.58096885322	3.19397386809	
0.0	11.9148851032	8.60747987665	-6.04510666285	
0.0	6.4528058524	-10.2772477511	-6.57474494403	
0.0	-0.329867785446	6.25178283229	8.47784072024	
0.0	5.07402947619	-0.310931123064	14.0513753523	
0.0	-0.964340245096	-3.7169775493	1.110859945	
0.0	9.14340240887	-2.30355539973	15.0329920415	
0.0	-8.82726402506	9.08234749363	5.23891222925	
0.0	-6.83798739198	1.65927977832	11.2371532972	
0.0	-8.22152904965	5.51550331359	11.3120375024	
0.0	0.954534971825	-14.3624734869	1.26346450239	
0.0	-5.01261723101	-1.37561313988	10.170973682	
0.0	5.30768337651	1.23687898702	8.19707499389	
0.0	12.182031273	7.13708235429	5.72232542042	
0.0	8.45911119217	8.44914214729	-2.20761287896	
0.0	10.9102936936	4.72915895804	-0.7045092417	
0.0	14.8634391334	-3.02845857112	1.96410804525	
0.0	8.35941641571	-11.2907155582	3.3266770972	
0.0	-6.46458796841	-10.6037968121	-2.09133965951	
0.0	8.18584594235	7.9837466498	-0.588223135546	
0.0	0.359324076193	-10.0134335425	-18.5502566704	
0.0	3.4246293026	-4.11644618077	1.42232247587	
0.0	-5.3439411069	0.353028567982	6.88749726171	
0.0	8.9864085311	-8.73929553546	5.90503753784	
0.0	7.98862680959	1.87338716371	6.09048412973	
0.0	-4.68969455619	7.04104599151	-9.54008646539	
0.0	-12.2334941576	3.83806772767	-8.96456776612	
0.0	-6.39862403475	10.4171453213	-8.16671432945	
0.0	-4.92736714204	-16.570913896	1.29971169888	
0.0	-2.13052429919	2.80132662667	8.52153327291	
0.0	1.08121628111	1.37807788485	16.0145564324	
0.0	3.82199661927	-6.40874495808	-4.74312723183	
0.0	7.80836055668	13.4329655103	-23.9759930981	
0.0	-1.62598109948	8.00669802347	-6.20669438025	
0.0	7.74902802166	9.81542881845	5.76161349416	
0.0	13.7083036838	14.9696659999	-1.23076680142	
0.0	3.27377232183	-1.58168473473	0.457759827743	
0.0	16.0946419471	9.70962341188	-1.34102855415	
0.0	-15.1751789834	-1.30023618608	-0.665581917699	
0.0	-4.99089173974	9.90365416772	-6.36165069714	
0.0	-7.01414846718	-0.740355024002	-9.05909266656	
0.0	-11.2737422205	-2.10332281191	-7.32245939318	
0.0	8.25048059951	-4.59372954516	10.1386166238	
0.0	-0.640724002784	-1.47561586494	9.25519034807	
0.0	2.53886611302	-17.2032728508	5.14350073156	
0.0	-2.16701858791	0.884710854408	-5.77961763793	
0.0	-9.18089362199	7.3814691134	-9.20552599963	
0.0	-8.07601656541	-0.0554546176088	-4.42004787759	
0.0	-2.75972289238	-0.82073465996	6.67530772247	
0.0	1.38452491631	-5.52957015658	-7.87722842954	
0.0	-7.12905516746	-6.33732449172	4.22803806859	
0.0	-1.0506190191	-5.27819774237	6.49990276962	
0.0	-5.53647490091	-6.36475639841	11.2698152918	
0.0	-9.00928365782	10.1189351359	-5.16726384638	
0.0	-18.0892993569	3.48382693812	-2.11088607836	
0.0	-1.1111931282	9.5995833854	11.2233785295	
0.0	15.4102971624	0.502088168619	-5.08677318083	
0.0	6.72553453781	0.800768851407	-5.76881262483	
0.0	4.22611356254	8.1379389726	-6.32231097055	
0.0	-7.28189709816	-8.87804555112	-8.63121771871	
0.0	-7.98526447011	-7.68850756528	9.67864314978	
0.0	-8.71306300607	-8.03387091808	-11.7558494124	
0.0	-4.79731575391	-3.49279179167	-2.93450231136	
0.0	-0.0555933166862	2.91614979756	-0.147439365707	
0.0	3.43424305468	1.24273936709	1.16703843445	
0.0	-4.50217974724	12.2566456198	-3.45631977018	
0.0	-13.6389189814	7.46331203972	6.63972720714	
0.0	-6.97850598614	6.92089442894	5.00594969299	
0.0	-8.96557843385	4.70369292966	0.336277932513	
0.0	6.48647290393	-12.7478313316	-8.73975803234	
0.0	-3.82924838781	-13.3219912682	-3.37428342573	
0.0	-0.671292329957	-14.3166423031	5.07220442241	
0.0	14.9199047393	11.5023802873	-5.56889232175	
0.0	11.9698057896	12.2769524013	3.63089984481	
0.0	-10.5394639969	-7.46326177477	-8.68916672116	
0.0	-15.6643451363	-4.77722028608	6.24779443075	
0.0	-6.08040321535	-6.31190863432	-3.08547804795	
0.0	-3.56823598946	-15.3001527281	2.5301169824	
