-1.0	9.97753897789	-12.3264815424	-1.96306697996	
-1.0	9.78197888614	-12.8713382984	-0.663810072199	
-1.0	16.3766952714	-1.42818435031	3.51039527496	
-1.0	16.2815121735	-1.82758681124	4.810411086	
-1.0	16.5189234042	-2.76848515991	3.65221376372	
-1.0	-3.36460593159	-15.5404681784	-3.5643899833	
0.0	12.8488545757	0.261026749816	-6.77861379185	
0.0	-12.2799634996	4.95661791415	2.89985538838	
0.0	-3.73419735405	6.89559956454	6.95973013408	
0.0	-1.16670405727	-14.9252763548	-5.32778147082	
0.0	-1.11788559104	-2.20871514327	4.53248286533	
0.0	-1.55068222097	-5.57495593514	9.27756296301	
0.0	-9.30013091693	-11.1425901549	9.08689578494	
0.0	-1.84394840593	9.32558026658	-13.9079260629	
0.0	-10.404285772	-11.5287823491	-1.32140327013	
0.0	-9.38972136771	2.39890367482	-8.28760248899	
0.0	-8.35726340978	1.76014688232	-8.44116542826	
0.0	-0.382331036125	-6.91977017125	1.42071386213	
0.0	6.61077119625	-5.55429060991	2.87744814613	
0.0	-3.40117200179	2.81235436347	-9.63088910987	
0.0	-1.39195033738	6.35871382636	-5.64645966512	
0.0	-9.98495165941	-0.890741025806	-10.2556556845	
0.0	3.35755247147	1.5241564575	-3.82050898972	
0.0	0.0187540521094	-6.47187655008	-0.0112362745615	
0.0	5.03309403371	-3.39728178283	5.06308870036	
0.0	11.7544657688	-5.26712458777	-1.78140515487	
0.0	-10.1342489338	-3.68925509706	-2.59764168678	
0.0	-12.3613050909	4.24129316128	3.71921287346	
0.0	-15.0956833424	-18.52259576	-11.0832432709	
0.0	-1.24235970493	6.59950138367	1.81684998578	
0.0	3.50285725448	4.3991199369	14.4012391068	
0.0	2.95848556418	-8.07022083084	1.96017010288	
0.0	-9.23081046361	-10.0175761723	4.40389567479	
0.0	-7.58413313483	-4.89828103632	-2.08364979858	
0.0	0.436155943408	1.0410570912	-5.0529667869	
0.0	-7.47188842955	-0.963764263171	-10.2546586282	
0.0	8.73873416786	9.16249305916	-7.28308869517	
0.0	7.26886056644	2.14379129655	-6.1232101333	
0.0	8.15699326391	0.553009585281	-6.60631590172	
0.0	9.76424611115	-6.33532866895	-3.23402917978	
0.0	12.8607592683	6.58667729734	-0.608541298576	
0.0	0.625470589953	4.29562589124	-9.82550626792	
0.0	-9.49584042345	5.73215456699	1.08802131835	
0.0	-7.80282782668	2.60911076019	0.137148876895	
0.0	1.53966413711	-7.10577531251	-0.109320633486	
0.0	2.71222894249	-5.46021728034	7.42011797014	
0.0	-4.35678636458	-4.50289112271	4.60775938405	
0.0	-8.1159881577	-2.21834363041	9.45446079945	
0.0	-11.9356151984	-3.42547423879	-5.94223267733	
0.0	13.2411432336	-0.0255355665571	1.22329462279	
0.0	5.5047548604	8.19183143379	6.27091493408	
0.0	2.03087310026	2.45658041989	9.07308066676	
0.0	-5.32932281349	7.21306490948	-1.51639268049	
0.0	-1.63284608498	-9.79467360205	-8.50758906275	
0.0	-3.61143969913	5.45953776192	-4.63185885721	
0.0	1.38917533856	7.11394811227	-2.07467691095	
0.0	-1.48790471507	6.25927336386	-7.35368517863	
0.0	2.47302532427	-9.73811908911	-0.542209088398	
0.0	7.56771916667	-2.85855379097	1.35258423045	
0.0	2.72521171725	-1.15536305821	12.9373397596	
0.0	-5.85801122613	2.27397995421	-12.2661807971	
0.0	15.5408068382	-4.32411567302	6.98301819399	
0.0	-4.02304280131	6.49501734851	-10.3633719311	
0.0	3.11934041421	2.64556675611	12.3245875335	
0.0	-1.4864722464	-1.98070768195	7.2435990122	
0.0	-9.86920135692	5.3939349328	-0.826394444454	
0.0	-5.41559162137	3.9692514066	10.0385878267	
0.0	-2.28678215709	5.28328834523	1.90987406397	
0.0	3.47970571897	4.30164273721	-9.1884386826	
0.0	-11.0690902075	6.41285306032	-6.15264858482	
0.0	0.103557078304	-9.97036033306	-5.61796148138	
0.0	-3.26482425383	4.8856073271	3.07120442071	
0.0	7.08707373153	-0.947977198958	-1.64986793658	
0.0	2.61948388839	15.3538014358	-2.89723837909	
0.0	5.60553399928	-0.104522889993	13.8169572692	
0.0	4.37964980466	8.44206233628	-6.4349818483	
0.0	-6.35159806576	0.700084097375	2.35558556145	
0.0	5.16696594381	-1.10294197509	4.04762107887	
0.0	8.14225269417	-7.97086606154	4.67498340554	
0.0	8.8365610494	-7.30353132053	9.82636787916	
0.0	-8.60233409739	-5.28560239319	-4.06119025073	
0.0	-8.28217460181	4.36064174391	6.02966196594	
0.0	-8.89636350305	-10.2279440029	-1.042432689	
0.0	9.36020685144	6.80666977316	-10.8980011808	
0.0	12.9536312583	-7.91438243894	-3.01247117989	
0.0	-0.802286862007	-11.8205128772	-5.8120035354	
0.0	-14.0864364093	-5.84065904509	-0.266813597645	
0.0	-8.95678974006	1.95537448257	-10.6249562682	
0.0	2.97292052458	-15.0508168807	-4.9739974779	
0.0	12.0479951335	-1.60567030028	-7.91525616967	
0.0	5.38866104121	5.21463907264	7.62359823269	
0.0	9.98971824057	-5.25052761327	-0.065264339474	
0.0	-3.21443740746	-7.27218555235	-4.69723717065	
0.0	-4.29086244806	-6.74558387279	2.78105953394	
0.0	3.208444035	-11.8961227064	-1.04987395141	
0.0	-10.4973694552	-3.55053693682	-6.48406510291	
0.0	-7.17165880497	-6.40252294416	-2.39547896672	
0.0	8.7316796869	-6.25492352132	1.75075009072	
0.0	-5.75546566331	6.39855938479	-2.39510434761	
0.0	-2.02600133772	-7.22945321482	-0.229116655545	
0.0	-7.52087329678	6.06168503778	3.1750471679	
0.0	-8.91157025497	0.184084344667	-1.55579048106	
0.0	-9.14261129632	10.3185332234	0.224539487678	
0.0	7.15417216791	7.59112557688	9.31877624179	
0.0	11.798498171	-4.85754159857	3.06759869248	
0.0	3.42582502098	1.51884796912	11.23782675	
0.0	2.74418540878	4.03986844375	8.82429782737	
0.0	3.36046887863	11.871095588	-4.53497224044	
0.0	4.33154821607	8.00813611243	5.55583428405	
0.0	3.75780318913	11.0445833483	4.27257630978	
0.0	-1.84596054925	-8.13724330713	-11.4348524141	
0.0	4.37630165885	-5.34667742299	13.4602330177	
0.0	4.46373272684	2.52254481039	1.4903174021	
0.0	1.66026893634	6.52687350982	12.3949608023	
0.0	2.54428741682	-6.04863657706	8.64505941609	
0.0	0.260673099051	-0.389666767472	-0.412553256392	
0.0	8.82622909211	-8.99329758902	-1.71546121597	
0.0	8.61818214876	-7.01279398697	-1.09113776585	
0.0	2.8290474969	-11.1455571914	3.46769816634	
0.0	5.14084345748	-6.3842438097	1.89420522612	
0.0	-9.36099969253	1.99043090982	-6.71966607253	
0.0	10.0350725348	4.11498785274	5.59925203131	
0.0	-0.554969486139	1.37216795665	-11.6004173713	
0.0	-1.76738940793	1.47315537905	-12.3149371056	
0.0	14.3765472551	-1.55635005551	-7.63702288281	
0.0	7.38706849742	5.87812108618	0.379964181834	
0.0	-1.10744357427	-0.550685445909	7.26782779867	
0.0	-6.65749163759	4.39817122819	-0.708737247223	
0.0	-0.78236112257	6.81633225123	0.618448946107	
0.0	-3.34832070375	-6.3032421876	-4.03924346824	
0.0	-11.2930437643	-7.29513162451	3.61894852895	
0.0	4.30190834485	-5.01521708602	10.1555409774	
0.0	0.199428464551	9.7043060305	5.86690515721	
0.0	-0.728224798323	5.37721235244	6.27546919065	
0.0	16.5815563781	3.84624437368	1.60141159676	
0.0	4.84485799724	0.913388151379	0.546895685095	
0.0	-5.41331281475	-10.6702144918	-8.59661410034	
0.0	6.5987380869	-11.8779703965	-2.07051594625	
0.0	3.21201389378	1.35555300919	-9.73295696821	
0.0	-0.778889429323	-5.56183373721	4.95977623905	
0.0	1.5096709607	-1.34082736819	-3.05286989823	
0.0	-14.6959833767	3.87621389083	6.06270525015	
0.0	-1.52724527226	15.6723482078	4.09375832511	
0.0	-7.56364879012	-10.0977021625	-8.11300885998	
0.0	7.13442683905	10.550674636	1.53200257965	
0.0	-9.73029514852	-4.28305066476	3.12568928599	
0.0	-1.73773941985	8.80275722253	10.1990959518	
0.0	-5.84407285448	6.85581683684	5.64424729529	
0.0	-8.96907886036	0.892082378424	8.80167191553	
0.0	-6.84876462837	-8.58526235801	-1.94588520099	
0.0	15.1061894427	-2.39624540266	-1.58220216474	
0.0	4.44635551789	-11.5852750407	-1.6125686957	
0.0	-2.4447357528	-6.5920376066	0.645641001231	
0.0	-1.93956483261	8.3718402434	0.446838394695	
0.0	1.41317419682	0.0288480099312	-10.0326560517	
0.0	5.07088197733	1.14331931239	-1.62738863557	
0.0	10.4470599626	-4.64997137918	-5.32914831467	
0.0	7.6898091067	0.0289294441539	-4.78790066322	
0.0	5.40730388731	1.23968238831	-7.23501073373	
0.0	7.33374233274	2.14603491449	4.40753863649	
0.0	-3.81479046362	5.28696720231	4.47050134901	
0.0	2.78894596407	1.18562121106	6.28927955799	
0.0	10.9356542123	1.81448567924	-0.784505222345	
0.0	10.7623682283	6.2488724987	10.8404802352	
0.0	-7.3365650636	-6.9630757757	-15.1818248153	
0.0	-12.2646427668	5.6861699099	5.64465724883	
0.0	-14.1733138449	3.34355912872	2.04793252265	
0.0	-2.04091717333	5.05139060606	6.09583739076	
0.0	-11.7558614978	-2.1468742043	8.01361461462	
0.0	-4.67171023495	6.19533694393	11.0661711386	
0.0	5.4829969018	3.55919889808	7.88720772168	
0.0	12.5384449791	5.44562855621	-7.33310988674	
0.0	4.10393708683	2.6320148642	-9.33655678872	
0.0	5.86577880144	-9.71935012608	2.90473137226	
0.0	6.91774089062	-14.0254056544	6.55569407965	
0.0	5.25280817704	2.92685293493	-12.7511893094	
0.0	12.9388572509	-8.64500460253	6.07406241531	
0.0	5.128642723	0.510709435241	-11.5906128086	
0.0	-4.25581325929	0.693364043123	-10.0870219501	
0.0	-1.66947887081	-5.66341542032	-4.05214265382	
0.0	-7.7610922661	-0.248793166603	-0.995770988918	
0.0	-6.96080951637	-4.33549995218	8.01170090436	
0.0	-5.27018596776	7.89224371411	6.41803627401	
0.0	-9.69283058482	0.61674396779	4.61059130171	
0.0	12.4869927475	3.4505657659	0.714131139523	
0.0	5.47904238069	-6.99403229088	-4.80216617016	
0.0	9.25197486816	-7.70104722278	5.93625326942	
0.0	-5.02240687488	-4.05920730569	-10.4121292554	
0.0	3.38411418726	-1.87538995178	6.78471410919	
0.0	-2.25774775701	9.81290460645	-2.13130484671	
0.0	12.3838811202	-5.58914024166	1.60494569581	
0.0	0.920207839714	11.7297809378	-5.45101989009	
0.0	9.2781053569	-5.09783661659	-9.57709789648	
0.0	7.6155144121	4.02957556657	-3.05671811186	
0.0	-4.46021310894	-0.548344204671	5.25207542669	
0.0	1.68544873034	-0.860598334024	-6.39793496667	
0.0	5.90159442362	-1.75955703842	-2.54971534653	
0.0	12.8648037685	-1.03640183914	-3.20652499239	
0.0	-9.00000610503	-11.8592867716	-1.84151035967	
0.0	-9.09964856596	-7.06982543614	-1.46743238548	
0.0	0.376017726305	-0.619294048997	2.07057407085	
0.0	12.2452023018	6.45416334946	6.80360305968	
0.0	1.50839157444	2.296217639	13.0558343214	
0.0	-1.94939818882	-0.478554914795	12.2826661195	
0.0	-2.63583259072	15.1380792571	-2.78786630311	
0.0	-12.3840906272	8.10322325193	-2.8342991366	
0.0	-14.4553688922	4.18640104651	-3.40951392038	
0.0	-4.40639648939	9.09365898952	-5.14321851267	
0.0	-2.42843117543	7.14160946508	-1.93071505373	
0.0	-12.1435607274	-0.580246961648	-4.07361857017	
0.0	-2.8130775086	3.96957122013	-4.46749476284	
0.0	7.1703692097	7.1900880145	-1.19304051048	
0.0	3.70638386742	-5.85594534204	-9.70003382965	
0.0	-10.8483798926	-0.790122354393	0.443361338143	
0.0	-3.69328219478	3.1402075146	0.695975909397	
0.0	-3.537300433	-4.84595534566	11.113094279	
0.0	-1.7502909808	-6.73745610897	7.08705641043	
0.0	5.59131531014	-2.19763647896	11.4148025076	
0.0	-5.40949076502	-11.3755606555	-2.85985081407	
0.0	-7.37902161093	3.4042483852	-5.93788776212	
0.0	-3.59063346838	-0.159370735374	-6.55828450865	
0.0	-1.67307701982	2.57925336775	-1.77654581841	
0.0	0.725190813124	0.266057071312	-3.31216898275	
0.0	1.40769149885	-4.18804009029	1.31488835615	
0.0	7.8066872373	1.58721615015	-11.2899227067	
0.0	4.89673404101	7.88825369935	-12.5642081917	
0.0	-13.1427355644	-2.25041746287	4.27155433645	
0.0	-9.83422917553	7.13504013618	-5.21533996745	
0.0	6.81576440723	20.0570192511	-16.1612813075	
0.0	-7.19610666647	-4.9197577539	10.4328267296	
0.0	2.39946023589	-11.7486121478	-4.34298325798	
0.0	-10.9417805232	-6.50331046099	4.60529476236	
0.0	10.0553335956	9.26330095938	2.87835450595	
0.0	-3.83851083243	1.19261272951	-2.52870167332	
0.0	-3.81215159856	2.79440690294	-1.55890634548	
0.0	3.08441394813	-5.42801067758	13.6249277999	
0.0	7.63828089169	-4.8919653591	5.7811088733	
0.0	3.77897080612	-7.28503980747	8.22097584969	
0.0	10.2066209007	3.8926823096	1.76759807035	
0.0	3.72787975527	3.95482833562	1.65723564454	
0.0	-11.6966677576	5.47149535381	-5.94105285116	
0.0	5.72156543502	8.01985200251	3.67493237088	
0.0	8.10226595104	-0.21576110541	3.84802123511	
0.0	3.37671074868	-5.99933569033	3.03602168459	
0.0	7.02332093378	9.50478245233	-10.4576539341	
0.0	-7.39526120054	11.394420974	-7.15699084471	
0.0	-3.16937396814	1.84687379749	-8.49996917129	
0.0	-11.5887028304	-4.70214941324	1.55608339609	
0.0	1.84617415709	6.95400440317	8.81831658693	
0.0	9.81146951581	-0.619749603415	-1.02641407588	
0.0	-3.11579156801	1.82810563715	4.80728118314	
0.0	10.3762532384	-0.0703737013887	10.3926070849	
0.0	-4.96536184187	8.56163717887	-10.3910326774	
0.0	-6.42913642902	-6.97511373681	-3.3654716843	
0.0	6.61391460325	4.73078480117	0.568434750973	
0.0	-0.435780594288	-5.22984738156	3.0416275548	
0.0	2.92577559527	1.52021237404	-1.29760147077	
0.0	-15.322063088	-1.12304866366	7.77660709154	
0.0	-0.0300767852376	-2.75737123029	-1.94584798523	
0.0	0.768966144774	6.02312680846	-11.4565129408	
0.0	-3.34986290148	5.91674844071	-8.32311895056	
0.0	-0.478071126772	7.57720389197	-3.40517972925	
0.0	-2.45687900167	-0.0497583912019	1.03977472848	
0.0	6.4511063135	-3.40346891284	12.356089323	
0.0	-6.41673805775	-4.00554481759	2.87557349219	
0.0	0.0574922200818	12.7958925331	-0.878669154494	
0.0	-14.4325946428	7.38096748874	2.58953885464	
0.0	-2.96644566127	7.79721968269	-10.225250765	
0.0	-3.75613040909	1.77339561632	2.9535439888	
0.0	0.852931196393	4.98914862763	-6.66241811507	
0.0	1.80132966618	2.29451169414	5.78086517995	
0.0	2.97754097479	0.0691038475056	-6.11085231451	
0.0	-5.61848975687	10.2759822012	2.81856713994	
0.0	-6.10906799272	6.65641327226	-5.52064050621	
0.0	-4.26973670175	2.71263232502	7.71308054806	
0.0	2.29309102476	-6.40087996512	-6.41112737642	
0.0	10.2504389272	-3.64282278029	-1.20817226749	
0.0	14.6287704454	-1.4119241833	-0.618581907705	
0.0	-4.6238990551	13.7654108087	4.71093905223	
0.0	7.46482335047	-0.221992914389	-10.1355534035	
0.0	5.92766001597	0.485029976994	-10.0295945898	
0.0	5.5692412578	-12.9342950389	-1.18454153656	
0.0	0.110477846245	-10.7749276902	0.397035093567	
0.0	1.25130749105	-6.29221713189	-4.89507543653	
0.0	7.77034301564	-10.7283875526	6.76827470533	
0.0	-3.29784732433	-7.20003101605	-7.8486562204	
0.0	-6.86233905588	-10.2139679669	1.06448346493	
0.0	-6.65389757259	-10.1600869565	-6.37157012067	
0.0	6.54201925866	9.66744351529	3.44728889459	
0.0	-1.27031897429	3.27663202194	12.4516540537	
0.0	8.67327716459	0.966378418344	-7.25186142023	
0.0	9.64079512021	-5.55231776032	3.00145315506	
0.0	4.98277382499	2.67384901551	-7.41908531932	
0.0	-11.6371972295	7.70247196584	-5.70853223302	
0.0	-1.196903036	-0.0958995791944	-7.03916810493	
0.0	2.79836974147	-3.3843094053	-12.2855475421	
0.0	1.41136641478	-8.58848451764	3.85095766789	
0.0	9.95787155586	-10.3455522156	5.31162434905	
0.0	0.0017218839937	7.5600519802	2.31626293979	
0.0	-6.89818958262	3.1830291724	8.26145932607	
0.0	-10.8039861874	-3.22696248895	12.899690504	
0.0	0.161932502565	10.9892389332	-7.89354337263	
0.0	-9.14219433166	-1.32684585198	-2.23646260334	
0.0	-6.94443427364	0.274706379569	8.1997498077	
0.0	-8.79720555327	18.0366833609	5.51867561844	
0.0	0.571929393175	-7.60273410825	-13.7067646173	
0.0	-6.72514252182	9.55594743651	2.65417230538	
0.0	-14.8275728603	5.09355590198	-5.9644466717	
0.0	-11.4191636036	7.76237372709	0.230933340497	
0.0	-5.4685539219	9.38719995194	3.54461584187	
0.0	7.36283012178	3.03940356525	7.8180972521	
0.0	-9.13240414538	4.38090672179	-9.66781516311	
0.0	-4.82830860401	3.72220534778	3.08734048365	
0.0	-0.0195323840341	-1.46862439237	-2.02846552515	
0.0	-0.950099261355	-4.79662033191	-3.47535695207	
0.0	-3.61147733437	-4.77453041839	2.40289128404	
0.0	-2.43672371456	-8.83608978193	10.5283103258	
0.0	-13.6612900897	-1.61895970352	-1.85935392853	
0.0	-0.319166541847	-7.45384363637	4.32821163486	
0.0	-0.569733297458	-10.1131450188	1.43880333911	
0.0	12.904003432	4.58702355018	-0.801563970277	
0.0	1.84237541676	11.0508027982	-6.45376985568	
0.0	6.4045676283	5.35431806016	-10.1549127317	
0.0	-11.3149442427	1.51804538628	10.8396362889	
0.0	12.774073453	-9.13663694344	-1.35690943328	
0.0	2.75936677228	-7.58201660908	-0.136009837734	
0.0	-5.01977189519	-0.713321398657	-11.3511226331	
0.0	6.61520868669	11.7219595523	-3.64236529957	
0.0	0.0577225575326	-8.06189491172	-6.94144817561	
0.0	-5.71707282764	-10.6957500979	-6.92757277545	
0.0	-5.11203111871	13.8946782088	-5.31245080487	
0.0	-3.84027214935	5.51190030833	9.89752874635	
0.0	-0.501724882936	11.2528574811	3.96488440176	
0.0	-0.0683870246462	4.84963152335	4.56643172671	
0.0	12.1223146897	5.89877021612	10.1562735115	
0.0	3.71122595386	-3.73698493418	0.113914735599	
0.0	10.3474702756	-7.64603455922	3.18746249064	
0.0	-11.8263340914	1.92956564341	0.00815189183155	
0.0	0.974790736062	5.26427504708	8.03835024238	
0.0	-7.70364275705	4.23324553397	-1.36733803659	
0.0	-8.53329769158	-0.857041598142	-7.4304840767	
0.0	-11.3113791025	-3.9732859117	-2.10183828386	
0.0	8.4255839254	5.04774808275	-2.90953547537	
0.0	12.9197869296	-3.17772793099	-7.13219947611	
0.0	4.58928971903	7.52463276063	0.121230786088	
0.0	4.41821237913	3.86325051091	9.00823502015	
0.0	-2.28532646331	5.79640624918	0.286743879514	
0.0	-0.757235787171	13.0460690763	-2.61637564864	
0.0	3.53635885941	10.1782043806	-4.66672141501	
0.0	6.30544657641	7.59660659381	-6.64082698247	
0.0	-7.38904439614	-6.57621577107	0.653596392054	
0.0	-2.43017699915	-15.478064801	0.38429273096	
0.0	-5.09345198444	0.738940867241	0.466576886147	
0.0	5.16971333297	-3.47750052639	14.4331522273	
0.0	-8.06174590643	-5.9365374969	-8.01688061912	
0.0	8.49084515828	-9.4238076103	-0.818580071768	
0.0	2.33423396178	-11.0280179023	-6.69524567658	
0.0	3.18997643318	-8.04533060842	-4.99719834441	
0.0	1.41094879117	-0.938822005562	-4.38978348959	
0.0	-8.57149711248	5.09825802589	-8.31650117848	
0.0	2.19388837579	1.47676486753	-2.20053727919	
0.0	-1.33475598606	2.94984002619	-6.71715390051	
0.0	7.45577873317	6.68568301246	-5.65263197615	
0.0	9.32592109611	3.49265786283	11.3373773174	
0.0	13.0959218586	-2.11442172486	-3.34484053668	
0.0	6.32103839608	12.6829070789	0.671036492186	
0.0	3.13281464269	11.0194724681	-1.07871419082	
0.0	-4.32489910991	1.19912942623	7.49716959931	
0.0	-11.1592271049	9.41738899905	2.94523076086	
0.0	14.1173572323	-2.85325113989	-4.26975534769	
0.0	-8.83136586261	-5.39584138612	3.24635421525	
0.0	-8.74313730893	-11.2943931202	-3.39655910349	
0.0	-6.89057260582	-5.89867555505	8.324958998	
0.0	-1.00960423398	-6.48907748062	8.02378323319	
0.0	-0.969231437273	-9.55929595136	-4.12498826638	
0.0	-6.24662001984	0.677860642253	-7.63941875852	
0.0	0.694652353597	20.5207798216	13.5511907108	
0.0	11.2535960437	-4.34604431072	1.53069420481	
0.0	6.31443159729	-2.77568608837	-11.6699036177	
0.0	2.94554902105	-2.14461045367	8.68282385947	
0.0	8.9435934361	2.8587199559	1.87841081812	
0.0	3.84983968945	-4.81249703536	2.68778393709	
0.0	4.75107069278	-2.92513912328	-10.7668941908	
0.0	-0.663645254994	4.84579546279	-6.19815123418	
0.0	-10.6921339019	-3.88166181753	-4.95482830324	
0.0	-8.96056224303	1.35523169568	2.12024629701	
0.0	1.19635291247	-8.46162906682	5.19889747579	
0.0	-5.51539367008	-4.57111996661	0.147037324183	
0.0	-9.5514458699	-4.7686346263	-10.6083960989	
0.0	-12.7612001832	-3.56340846451	3.83067284095	
0.0	1.10973651021	1.25519240498	-10.6063206902	
0.0	4.92683265875	13.1531586859	-1.62684556978	
0.0	-1.0888921125	9.52926060313	2.09540620291	
0.0	-3.46734721907	-11.1295240492	5.43443870227	
0.0	-2.36466659175	-1.64014802031	3.19153674233	
0.0	-7.38644118469	-11.3016412795	-1.61827612641	
0.0	-0.149687814051	8.00047230798	-8.2741270822	
0.0	3.6001200653	-8.08633031546	-7.05516009652	
0.0	-1.70225663176	-3.93196427584	-4.88166763161	
0.0	-6.53776554868	3.48328849662	-2.41975493073	
0.0	-1.60380069246	-4.30680004231	8.37924259048	
0.0	-2.79327021141	-10.6437810897	8.23517731867	
0.0	12.1743489984	0.455387333201	5.38168101482	
0.0	-14.1332044098	-4.08808456015	-3.18043564765	
0.0	5.87170726608	13.2071921062	-1.70735726962	
0.0	-4.76876971829	1.37517414355	10.2293990709	
0.0	-3.3979237862	-8.69611192967	-4.67419777777	
0.0	10.4059392651	2.1974644095	7.52769192062	
0.0	-3.64488271629	0.904288871645	9.94161455631	
0.0	7.94403839528	1.1667124546	0.801211799685	
0.0	2.60513757924	5.02565405221	-0.271267568018	
0.0	5.93232547762	5.20423381807	-12.904780633	
0.0	-5.59696063685	2.02976215541	-6.82241647469	
0.0	-11.25001432	-6.83492826332	-8.42693949256	
0.0	6.66770310189	-3.33662034994	5.94627783865	
0.0	9.5479185269	-4.36680489665	1.34912296499	
0.0	4.73389502173	-5.29305125715	-4.45705880023	
0.0	4.10704476212	12.2539965187	-6.72769245869	
0.0	4.16401072006	-8.54243080489	-1.16520584045	
0.0	-4.30091118973	-1.88027252297	-8.07536444736	
0.0	0.0658158018757	-12.5923732217	3.48115370017	
0.0	-15.0733172154	-8.0053541046	-5.48753099405	
0.0	-5.96156519822	-7.39791028079	-0.247058070912	
0.0	-11.842729051	9.42194094201	-9.11144147003	
0.0	-10.2583493124	11.8316793471	-3.69257823788	
0.0	-13.313774303	-0.609567880995	5.57468040229	
0.0	-7.38861967013	6.28148742275	-6.12530973797	
0.0	-3.11769495314	7.91658611068	2.57252806152	
0.0	-2.86526435222	0.47295028414	12.673894657	
0.0	-6.01966487406	3.87296210097	7.73328025093	
0.0	3.27473202621	8.80065986838	-9.89833033997	
0.0	-4.72869119967	6.21694762893	-11.3893527875	
0.0	5.43469256966	5.85676408451	-12.3081511442	
0.0	11.0382309156	-1.1890470062	3.55941925516	
0.0	1.73751961765	2.7039344425	1.33222409417	
0.0	-0.848402725177	4.1921525904	10.5763565785	
0.0	-3.27196467444	-9.72394379404	9.29208077875	
0.0	-6.97277567561	1.86878898667	7.96563327294	
0.0	-3.01814097185	-3.19522423266	-6.26515802042	
0.0	-0.33657959206	-5.31524025412	-8.4888386156	
0.0	2.72003434407	-11.925857772	8.83033359344	
0.0	4.82291443395	-3.46008727094	1.42322460895	
0.0	4.97936062887	-8.57438771355	-4.33010514703	
0.0	7.82240625138	-0.423354669858	0.877365259671	
0.0	11.6378138533	7.04024039853	-6.71274462616	
0.0	6.35425242202	10.6972910469	-5.96557440066	
0.0	3.02421412057	7.26999256689	-6.57962792603	
0.0	5.88760950025	1.37598110864	6.96284394634	
0.0	9.14766691997	-2.41882698963	5.25703873771	
0.0	2.70065338359	3.22638173002	7.31174824547	
0.0	9.51934587339	-6.04040047553	8.12387961695	
0.0	-6.37463661496	-11.921614238	2.07517450549	
0.0	2.38929049729	9.81567959852	-6.02507321342	
0.0	-8.17207235868	-7.75151578071	3.32831946957	
0.0	2.03010351542	-8.20095146669	-5.77977668064	
0.0	0.211330482413	7.87784000057	-10.6109002334	
0.0	2.76598245859	1.19632252054	1.9095611476	
0.0	-5.85724102432	-3.41494324372	-8.74797160251	
0.0	-2.31078268701	3.44583039724	-7.26937380715	
0.0	4.92908863766	-4.2995120036	-1.64040504993	
0.0	-5.13129147091	5.91755813481	9.50001651362	
0.0	0.078376647303	3.48569138926	-4.00694470814	
0.0	4.69063477588	-9.68679877809	9.33854592549	
0.0	13.4393728841	5.82287739838	-7.99855628275	
0.0	-7.42774774396	7.06359723539	0.528986075717	
0.0	-4.72537265848	5.31931621644	-7.39999918814	
0.0	-3.42440396332	2.35421375448	-11.8730366316	
0.0	11.2144993076	-1.80670832192	12.1201113204	
0.0	-6.10387160827	-3.29895011758	9.49945063746	
0.0	-2.57951478591	2.48290377279	10.7485296908	
0.0	11.1418289227	0.649304854546	4.30870949725	
0.0	5.35114138966	6.67611787767	-4.14161231422	
0.0	-4.80810021101	5.1050441174	-5.93612453568	
0.0	-2.24167608822	7.51990192378	-8.2379929572	
0.0	-0.207169148217	6.24684444512	9.1824798425	
0.0	0.346649132293	6.84659039687	-7.27138858744	
0.0	11.0097379042	4.73288865555	0.510284271137	
0.0	0.550354573546	-2.48031434803	-6.84549481813	
0.0	5.06461310839	-1.72162009776	-11.1132529001	
0.0	-1.58290048496	-0.45123977216	-12.3990107923	
0.0	-1.08157008343	0.150838974506	-4.34411840502	
0.0	-0.382294508665	-4.07699131833	4.15622543955	
0.0	2.72943409283	-6.3113426555	1.68053248272	
0.0	4.69496988655	-10.9769737986	-6.90494902158	
0.0	-0.407079823945	-5.88553223565	-2.4262447475	
0.0	-8.33980008452	9.10363322968	4.4073661848	
0.0	-9.9884227748	3.19605436667	4.39877074003	
0.0	-12.9081487994	0.406786539198	6.78489149418	
0.0	11.438341069	-9.99653155546	2.57870042496	
0.0	9.88746256062	-3.27096360973	8.37736067658	
0.0	-2.59834423767	12.2306117493	-4.31023707293	
0.0	-9.19127038677	-5.93165698244	-5.40545087573	
0.0	3.42419756014	14.2055673519	-3.05874205774	
0.0	2.52067432149	-10.3581313082	-8.16145064564	
0.0	6.60029801936	-5.83293531615	1.58727860824	
0.0	13.6316804635	-2.09013740108	1.43569848415	
0.0	1.35185508267	-0.381346664318	9.02652332272	
0.0	7.43016639892	-3.11810716043	-0.781870288021	
0.0	0.0217882505108	-12.4078094884	-8.64622020248	
0.0	9.5238882862	-2.12578325283	-6.2334518046	
0.0	-0.753098083007	-8.33011993652	-1.6586390077	
0.0	-3.43345756009	-2.1325417618	10.7226123508	
0.0	4.09079836311	-4.47744471102	-0.696316072038	
0.0	-6.85825713024	-6.76293004944	10.8415334819	
0.0	12.6861107498	-3.75185022149	6.48915799227	
0.0	7.88871774579	11.7181756803	1.17410198212	
0.0	6.54993181869	12.9250106465	2.25389103644	
0.0	8.99307390151	3.95539455622	-13.4279987425	
0.0	-1.64846795447	10.0292740312	9.11583306929	
0.0	10.3208548627	-7.12647669038	9.28592564767	
0.0	-7.68860262446	7.866577351	5.5743892071	
0.0	-1.37439569465	-0.752640712902	5.35780821144	
0.0	0.467663250791	-2.93678037786	-9.65645879847	
0.0	9.61194671222	-4.31405421227	-6.22455425929	
0.0	10.9787598806	-4.31527834256	-6.54385419056	
0.0	6.31433308115	-5.74613743687	-9.47521573841	
0.0	5.71381090439	-3.75512980172	9.40954492572	
0.0	2.26047282055	3.55116920133	-1.85847229873	
0.0	-9.18583587829	-5.09306519664	-1.5940678945	
0.0	-7.74519282843	3.47683614787	3.81573321194	
0.0	-7.68271412483	4.3706184097	12.1597483631	
0.0	-1.11579574884	-9.16062182753	0.164242272561	
0.0	-6.47303999634	-1.91490910303	6.48363210143	
0.0	10.3166945349	-0.230832651263	7.6760300458	
0.0	1.44713783051	-13.0494251201	0.661881887577	
0.0	-2.46651639527	-0.976523130157	-3.95565427824	
0.0	12.683968143	4.10346717643	-7.48907736549	
0.0	3.06114288069	8.81363661107	-7.09006482091	
0.0	12.8668991275	-2.05534018394	0.389537444307	
0.0	5.353775576	-2.69335133722	6.60662907634	
0.0	8.08081750128	4.48142105225	7.63231071361	
0.0	3.48048851262	1.98317140764	9.11313476876	
0.0	8.20316766005	1.48471945499	-2.15255515701	
0.0	2.58684553944	7.57253329376	-0.356873086841	
0.0	9.04134344615	8.82741837897	-3.2090823573	
0.0	11.7534328376	-0.130877116596	1.68943410067	
0.0	7.74203220464	-5.9789158634	10.0205195452	
0.0	3.82841454656	0.929486550863	26.7330126997	
0.0	-1.18228762849	-8.58261173146	10.9513964371	
0.0	-9.14807602176	-9.38918519768	-0.0275199580346	
0.0	10.8259983154	-3.23784846848	-3.44625190783	
0.0	5.44390288797	-12.144164267	-2.15558855237	
0.0	-10.0871399986	-6.2558599768	-3.68052199032	
0.0	3.83366896253	3.15579005309	7.82058842787	
0.0	-5.02522439105	10.3401119866	8.37779706137	
0.0	4.95492948244	-10.9529266021	4.35478082406	
0.0	7.468995985	3.02576984554	9.2063134363	
0.0	-11.6837201529	-7.06458767991	9.63097143285	
0.0	-11.7618174554	6.58567485537	-4.27996827709	
0.0	0.0637683324389	-1.4191433012	0.513662288725	
0.0	-0.746290877896	0.387543217938	2.32060723651	
0.0	-6.55857808541	1.40985297439	-2.19206660096	
0.0	5.58939580476	1.32887270397	10.9796021199	
0.0	-2.28054960798	5.10813430428	-9.4394784027	
0.0	-2.31644507252	4.03415522167	-12.0265069007	
0.0	-11.0521019836	-1.6789683976	2.10534410501	
0.0	2.51057139786	-5.22870888886	10.0513165807	
0.0	-5.30183167716	-2.21227625066	-5.69397049121	
0.0	-0.221244865814	-8.00539463587	5.67650746767	
0.0	5.20497890469	7.38424384329	-5.19765321357	
0.0	-7.17873098864	-2.33548477735	-4.68942200516	
0.0	-0.438309488224	-1.46518659516	-6.14478439964	
0.0	6.62731543255	-3.36679120574	-3.41648230423	
0.0	-4.90219941496	0.612072781109	2.81808633329	
0.0	-5.75027066959	-13.1666578838	7.07771966071	
0.0	9.12527280312	6.49777287751	2.78381819434	
0.0	-4.44388680237	8.78999528889	10.8679181278	
0.0	-7.97164594359	10.8636545305	0.386517873217	
0.0	-0.577656890227	6.26842390318	-10.7592455994	
0.0	-9.06158186213	6.74620194326	-3.48523423785	
0.0	-9.43916203312	-8.27410723283	7.23880007962	
0.0	-4.01553116011	12.971668737	0.537367103264	
0.0	-9.06958728346	2.55388209061	-0.528314899428	
0.0	-12.1656755346	-8.05281525615	4.55251261018	
0.0	-7.83619287731	-7.11710595757	2.02586886636	
0.0	5.19510640903	13.0689154216	1.47327847476	
0.0	4.14090689928	13.9997902045	-5.08417130299	
0.0	9.07935376105	7.77432558054	6.50036946562	
0.0	1.62753888165	-5.03611088268	13.6641277256	
0.0	-1.81253390588	-4.87317962741	3.96813260878	
0.0	8.48152738204	-5.41833183347	-0.813840818088	
0.0	11.0368964459	1.65464733351	-7.57920146069	
0.0	14.82672836	9.66220560066	-15.3484575461	
0.0	1.70780369072	0.530195515476	-6.24279233834	
0.0	1.7726625816	-3.19495834347	4.36020417857	
0.0	9.29007516931	1.51039863699	-6.27102564709	
0.0	4.53386121876	-9.96969771146	-8.01100702357	
0.0	11.7645399272	-2.7906335513	-3.81127256882	
0.0	13.3637993413	5.89919165795	-5.63022815337	
0.0	0.705861950626	9.60771501541	-5.31207652886	
0.0	-9.27357494202	-2.77922223803	8.7654775323	
0.0	-0.15216964814	4.92382307619	1.87877655022	
0.0	1.62286590254	-1.86160974008	3.1468196275	
0.0	6.00410164847	-8.93166622262	5.62395859032	
0.0	-9.05478232972	-6.40561438913	8.38552997997	
0.0	7.5352082789	-2.86999200881	-8.45923533325	
0.0	0.875855519536	-8.92845506704	-8.21922168002	
0.0	6.4297691048	2.57697475042	-3.69069742182	
0.0	1.63568300408	-5.22599085699	-1.95172039859	
0.0	0.879471765464	-3.14141780142	-0.972781237878	
0.0	-0.916230888787	8.65672694771	-2.06063247779	
0.0	1.47495972489	13.477048068	-3.52489776713	
0.0	8.66930944914	11.3568016157	-2.02830096996	
0.0	-5.0942564204	-6.55596894236	6.86626494903	
0.0	-6.71293354358	5.36386538943	-3.35968236757	
0.0	0.900146968265	6.2206452093	5.63818318826	
0.0	10.2091027607	1.17725237793	7.72806765767	
0.0	15.989192718	-0.0759703404668	-0.00636981591887	
0.0	-12.6286225019	-1.87189685511	3.16210452771	
0.0	-8.57974799794	-5.99027057117	4.68481000735	
0.0	-11.2186413786	-9.42693491654	3.05371011501	
0.0	-11.2253567105	2.40641134323	-9.58561408733	
0.0	-3.17178866463	10.3347770602	2.23264803057	
0.0	7.87028048623	3.50454308277	2.83804053081	
0.0	9.31660047091	3.80344520217	-5.4031405895	
0.0	6.05983615211	-1.45268516223	-12.1660770405	
0.0	4.37938170031	-4.93328230972	-10.3231567973	
0.0	-2.75533747887	-1.62629328668	-2.82179455998	
0.0	0.630321554874	3.62417700911	-1.55733527406	
0.0	-0.572014764899	-10.484193236	-3.25458149485	
0.0	4.78608095199	-9.00057643714	-2.63926829497	
0.0	4.54251085936	0.379144499	1.96920729435	
0.0	1.81945137978	14.3741231215	-1.98301126751	
0.0	-4.54776671554	8.73068933332	-9.3203375069	
0.0	-3.7635948418	-7.58454201503	11.062239423	
0.0	13.3322786039	3.40468887507	-2.7000775161	
0.0	-8.37148932323	-5.9035178444	-2.28226335236	
0.0	-3.8988435431	6.55914677179	12.1027639809	
0.0	7.31040675749	6.61447012836	4.9501444597	
0.0	1.58309331312	2.3783532778	10.3860192382	
0.0	-10.5165030389	-5.46009777484	-0.529975854429	
0.0	5.78306783551	6.46727753821	3.39044718298	
0.0	-2.72886908474	5.85405651697	7.71866299675	
0.0	4.98045586912	-1.70467116335	5.78149750994	
0.0	3.18459371741	3.31024060332	-3.37788438616	
0.0	6.22818051427	-1.26236191019	0.76345942352	
0.0	10.634582533	-0.269298154775	-7.29878879848	
0.0	2.16718881327	10.9752673607	-3.32024846849	
0.0	10.3051173319	-1.28402979607	0.420205375904	
0.0	0.452708612653	-12.129855084	1.47626964677	
0.0	-9.23714812591	1.10249137098	7.02401559409	
0.0	-9.88335044136	-3.0756484421	0.426851834076	
0.0	0.741364255277	-14.2229440815	-2.40867508058	
0.0	-6.66912975405	-8.01436420656	10.9913082302	
0.0	-5.30254505982	-2.45117550007	-2.90542747735	
0.0	-3.17694746336	7.11342310723	1.40654588357	
0.0	0.690726460283	6.27791928514	7.9049749956	
0.0	12.4736385664	-2.52753115295	7.78625795965	
0.0	-7.52569321037	8.31843565178	-3.39774685322	
0.0	4.63025860661	8.90761085347	-12.4351618086	
0.0	-7.4269845127	4.58221665302	-7.11043527491	
0.0	5.11321458844	3.54887835178	10.6963931988	
0.0	0.936896552842	1.84241612221	-7.93214033037	
0.0	7.58104429663	-4.13211561052	-4.09135521056	
0.0	5.49908888742	3.19797956915	5.15679666684	
0.0	-4.7665880889	-9.53160798974	1.70459178857	
0.0	6.25772255448	10.0614458254	-2.54109649217	
0.0	-9.85967669939	-1.08445001016	-8.83613024066	
0.0	6.46461757573	-4.49642678799	-1.09484505591	
0.0	10.5750074464	0.950615047725	3.10268864264	
0.0	2.76891094209	-2.28670780395	0.732475326135	
0.0	8.0722650068	-2.83891361003	7.39630411098	
0.0	-4.55526727762	4.55135643812	1.04139050863	
0.0	-2.63102649826	-8.56361595967	-7.91424321524	
0.0	4.54610415793	0.542195022794	-7.18427370305	
0.0	-1.8560202167	5.96527347649	11.9566805887	
0.0	14.4121020475	12.2137854291	14.5998173035	
0.0	11.2390175814	-4.81188446574	4.66649227099	
0.0	-6.13658526371	11.1769936498	3.8270341238	
0.0	-7.54059518595	7.72801729076	4.37682638971	
0.0	-9.29167511517	-12.2462888178	4.17750822875	
0.0	-3.68569134836	-6.55958578992	-6.18481236325	
0.0	-12.0955109524	0.793848664734	-6.59416059015	
0.0	11.9596187541	-0.0346292683333	6.25320516411	
0.0	-1.92568293365	-4.39787923106	8.6420282393	
0.0	7.26977349789	-7.80396490119	8.74689193767	
0.0	-10.6545743714	0.787441588401	-9.17696010124	
0.0	-5.00893134369	-1.03182288254	-13.8167736179	
0.0	-2.33405821976	-13.0157215606	2.38077216939	
0.0	-0.449848580528	-10.8244926495	2.54833660634	
0.0	4.32633285055	-13.8728191616	2.61205527586	
0.0	6.21462298079	-0.962250729224	5.31657502663	
0.0	-0.0398820592082	-0.651718548932	-7.96188262194	
0.0	4.4384622396	-5.78087944886	-7.69633697922	
0.0	3.78129896867	7.33922196381	1.09775094279	
0.0	-8.25975147836	7.77760222855	-8.76943182787	
0.0	8.27405626477	-9.38524400425	4.30310824052	
0.0	9.50242853263	-1.4260666116	-3.48088321557	
0.0	0.872716190436	-1.15915713111	8.09173084148	
0.0	-2.21998985599	-4.21774708427	-0.037003183256	
0.0	6.61201410738	8.17077591803	3.11552921521	
0.0	5.04931794501	11.3719031831	-4.72751632119	
0.0	0.855930119131	-9.56908316348	8.69985462101	
0.0	10.4719565968	-6.63191902654	6.70789978943	
0.0	3.18691183448	0.0489999184487	9.94007757548	
0.0	0.13226230725	-8.32702308785	3.33447852885	
0.0	-2.46872653476	2.43284568487	5.8254028524	
0.0	0.747779890432	0.860298540645	-8.95471920751	
0.0	10.8642394879	-6.0038191371	-14.574803345	
0.0	8.62832750727	-6.31763287982	-3.81817735078	
0.0	7.01110107903	-3.2676896619	-4.76897249331	
0.0	5.87575043206	3.56697038278	-2.53755038032	
0.0	12.849283942	-4.50490411907	-0.751715397586	
0.0	4.43333169498	2.60766140981	-2.74642645191	
0.0	3.78563792785	6.43533213464	-9.93230330839	
0.0	-1.04640921245	16.3750866612	0.0470876007131	
0.0	-12.2205702531	-7.41293678967	-5.30068534847	
0.0	-1.92596765511	3.93604293318	7.12773973326	
0.0	-3.01115367393	-10.8397677252	-0.273266806524	
0.0	14.7183522877	6.23787643416	-0.809338561839	
0.0	11.4124496887	4.60820939068	4.86249132191	
0.0	-7.46728845756	1.78959894898	4.53316094293	
0.0	-13.6291075176	-5.4952196549	3.56384372362	
0.0	-3.76476871313	5.08052768088	-1.11724396753	
0.0	1.12120151726	-2.16017934994	5.64504550785	
0.0	-11.1957927324	1.35871185588	0.894630338189	
0.0	-0.909804071231	5.61501807046	-2.41898040558	
0.0	3.58114036657	-2.12794293946	-10.332166576	
0.0	6.92895871504	0.68857959338	-12.5995637239	
0.0	2.94960080327	2.91169318565	-4.95788364137	
0.0	-1.81950412201	31.8081523452	-0.094719613606	
0.0	9.23561523304	0.127266925456	-3.966035816	
0.0	-2.70221613409	-15.6058971904	13.5746404547	
0.0	-6.24105137913	-1.23680654873	-2.3366358812	
0.0	-12.0151155505	4.34673339846	-3.68537364681	
0.0	-7.73416619035	-3.30922118792	-4.15286685383	
0.0	-10.3324927586	0.165199201399	-1.87392460277	
0.0	-4.12803309912	-9.79098173556	8.39769914602	
0.0	-3.04220673274	-1.36153525217	6.48460560026	
0.0	-9.34019905503	6.26824968382	2.61037434066	
0.0	-15.8111733621	5.74678397717	-1.07537429345	
0.0	-11.8593628592	-2.80080698979	6.83640090253	
0.0	4.98575615513	12.3240355595	-0.905410100803	
0.0	13.6042487849	-4.81517052089	-6.33319752035	
0.0	13.280364302	-9.27280569417	-2.14280193306	
0.0	4.63674331677	-8.76726476564	4.74005335689	
0.0	1.92200651723	-3.82085510262	-3.39685360856	
0.0	-4.48474725078	-5.27473965512	-5.07139784553	
0.0	-4.30051417136	-1.82623889609	-9.44864123148	
0.0	6.45411806505	-4.49527568025	-6.661064806	
0.0	11.7203887891	-7.64158941696	1.39977663797	
0.0	-5.66379027315	-3.05735009163	0.986038162591	
0.0	-2.8614412106	-7.81619345814	-1.09407449097	
0.0	-8.42370357673	-3.36755427698	0.382269686674	
0.0	-7.17248502843	1.88546185988	4.69853048476	
0.0	-7.12799121344	-8.04211999131	-5.93646116478	
0.0	3.17423423245	14.5187918658	3.29692202303	
0.0	-6.35434318188	-11.0619290952	-0.534379757917	
0.0	-1.00842680696	-1.18785662416	11.5093264828	
0.0	7.84256598392	-1.36569796446	-12.1617144439	
0.0	10.3228316478	3.47401474597	3.19154336162	
0.0	-0.977642171482	-2.91737347217	-0.162852937256	
0.0	13.7710543705	-0.63277009653	-2.15672617394	
0.0	10.0009488359	-7.41225719344	-6.02118243921	
0.0	4.44106273482	5.94071146986	4.22743545133	
0.0	-0.48317788539	6.20884412411	4.77775036804	
0.0	-3.6541363479	-5.82170216429	-1.83752441861	
0.0	2.54089606359	-0.0175334843993	-3.17925353037	
0.0	-5.03494420781	-8.88822684705	-8.06437341398	
0.0	-9.4767468504	-2.64999388993	-8.25998631782	
0.0	2.06790408703	-5.92815495974	5.64994423636	
0.0	-6.17664983053	-7.22005617082	1.23532094949	
0.0	8.68628928728	4.79939892311	0.547665498457	
0.0	-1.70485278155	-5.05015034007	6.07015541736	
0.0	9.03688613241	-5.63058088882	4.66260514995	
0.0	0.756177607607	-5.01964092009	-7.45973212195	
0.0	-5.97575443698	11.2124214174	-2.04924084018	
0.0	-9.93886662816	4.67374262198	3.74338147231	
0.0	10.0585834471	-3.34381501284	2.13614745523	
0.0	-10.4600963511	2.04741811281	-3.47048313844	
0.0	-6.13779891347	-0.0230790612552	-0.262883890069	
0.0	-6.80486041174	8.45562956959	-5.89777219304	
0.0	3.60648276402	14.8781419804	-21.2495205168	
0.0	-0.847821585185	-4.53718175429	-12.4033759024	
0.0	10.8144271883	3.36982687715	-1.09402165713	
0.0	-1.64930520714	12.7727269619	-3.40135253435	
0.0	-1.44742824542	4.64633796691	9.5475094912	
0.0	3.44917893171	-5.84400775255	11.7892466945	
0.0	-4.4573874576	-8.19131031166	7.03884544605	
0.0	-6.2316782051	-8.82038513518	0.955350328022	
0.0	-6.04941521449	-11.0866726481	1.11190164049	
0.0	14.3987747616	-5.8940545018	4.2295032908	
0.0	-0.964749779429	-11.9050332012	1.58114415488	
0.0	5.91644881799	-2.54572752898	0.173576019117	
0.0	-7.29471834581	3.03168234244	-7.74068974715	
0.0	0.5834183918	0.150482430344	-6.55543716184	
0.0	-4.83522104425	9.37710971778	21.8767455369	
0.0	-11.0142079888	5.74604323534	-3.27580925848	
0.0	-9.71280333145	-4.69861982166	4.62217202231	
0.0	-8.95257796712	1.80465244317	0.696269795694	
0.0	-9.96982123258	-6.58114226061	11.9527571729	
0.0	0.888233010668	5.9020517232	10.8337318001	
0.0	7.39534833548	11.8365447021	3.6143975843	
0.0	11.503397396	-3.58170563714	-8.11284394082	
0.0	11.7497235804	7.69702099664	1.9755440029	
0.0	-9.21928801961	-1.63108116147	-6.66607977749	
0.0	0.560540363062	4.98582492198	12.1852731011	
0.0	7.50960026191	-3.66819949769	4.05596012866	
0.0	-8.05084843502	-11.3251855873	4.76565130198	
0.0	0.0656265488293	-12.4777789638	-7.06698336725	
0.0	4.49574083064	-1.25841317944	-5.3634882783	
0.0	3.69431878834	6.05610127275	-6.35180824882	
0.0	-0.796085191463	0.187152278011	0.73884788157	
0.0	-6.29329055921	3.30485950206	-6.60018008299	
0.0	2.14099793868	-6.16832202103	-2.83128642904	
0.0	10.5095018956	-2.47573133872	3.3447559977	
0.0	1.62615117873	7.25635912029	-8.29182154766	
0.0	6.14826571383	-4.21533407078	-10.4718526384	
0.0	-4.16629570512	4.73034189546	-8.25374874728	
0.0	-8.21552248463	-4.2803085124	-5.44522144398	
0.0	-1.02357987011	3.87925655497	3.76624008227	
0.0	-8.9003027706	-1.62166553581	9.67374548595	
0.0	-5.95557910095	6.98592286304	12.136918481	
0.0	-14.0449102552	5.56669904775	0.876754032552	
0.0	-5.29069288314	-0.0587178507094	9.66788178361	
0.0	7.69880240338	6.5298056671	2.69103368202	
0.0	-1.41676888325	-2.06453821894	-11.4876341615	
0.0	4.70099336451	1.36237659714	-3.37018413926	
0.0	6.44919581638	-5.71750363253	0.112013537589	
0.0	7.37705296891	6.05011600195	-7.28616810015	
0.0	-1.79929033226	1.42202086815	-2.25780905708	
0.0	-9.02139016365	0.480114414706	-11.8626167649	
0.0	4.55470344036	4.36070482482	5.48742685708	
0.0	-2.17528803611	11.1366434734	4.9650059278	
0.0	-3.31909778325	8.28294746146	5.43485706312	
0.0	5.8297537659	2.18425941334	0.530717208816	
0.0	-9.97596551659	-8.64002835626	6.1245992136	
0.0	-10.6885356699	-2.78843527671	9.98574362611	
0.0	4.6172895272	10.4028717024	-3.72741320936	
0.0	2.79356447429	11.6850566694	1.28859630356	
0.0	-0.596893027977	8.95513126058	-3.97677955597	
0.0	5.69039887663	-11.3752461528	5.4920008227	
0.0	8.27391017713	-5.82476732921	7.28450516557	
0.0	7.38325462483	-6.45178198772	4.55003983832	
0.0	-13.2546636224	-7.21572501988	3.58673291637	
0.0	-11.2893809863	0.168132777917	-6.97578936262	
0.0	-13.7795689601	5.70425436656	-4.18911374814	
0.0	6.41525627468	3.14877333345	9.28149639843	
0.0	2.4045724206	-0.626367615094	7.18043036726	
0.0	7.53768182828	-3.58839368754	2.65527746346	
0.0	2.41755517927	-3.16154284312	-9.47623160694	
0.0	12.1622450989	-3.62584580559	-0.16805392761	
0.0	-3.34870260099	0.628851405764	-3.89162139605	
0.0	-6.01598787887	-0.954905575154	1.25578533932	
0.0	4.39958540247	-6.00933454076	7.21819935305	
0.0	10.3364820045	0.553748950451	1.93542063328	
0.0	-10.8883862254	-8.72307533068	4.24101059816	
0.0	-11.2135102261	2.54226292752	4.18159125399	
0.0	-15.0839770752	6.65160681401	1.93001202653	
0.0	-10.8565949887	11.1862378089	-2.97131474719	
0.0	7.07150785573	0.66780571754	-10.7598177099	
0.0	9.7790084409	0.565881675929	-2.74403353606	
0.0	5.67034273065	-8.34154740824	3.16251544194	
0.0	-0.668376025676	-11.4752038392	-3.34466717014	
0.0	3.33377073576	3.03572223809	0.408018496316	
0.0	-2.28826825169	2.4812687066	-13.0165880793	
0.0	2.3028669425	-3.48915494661	-10.6206398301	
0.0	3.17120433403	1.4361240882	0.300805777191	
0.0	3.8524311103	3.46313608999	4.77540850491	
0.0	-1.46818915262	3.1163695949	9.93289121425	
0.0	-7.54985802552	1.93460723476	6.78473226191	
0.0	-11.4122079826	-3.1713188941	1.07361221151	
0.0	-11.8804356792	1.92576682597	5.15062398494	
0.0	-10.650172261	-0.037722842256	3.68877629671	
0.0	-8.1704835188	-0.902922846221	7.9165926082	
0.0	-5.37696610426	-4.67298705994	8.14135683066	
0.0	-1.35407664362	7.37934617927	3.81332226332	
0.0	6.84013302019	4.89436926406	2.66534329616	
0.0	-13.2838975081	5.24687659921	-6.97812793751	
0.0	5.35250617164	4.15283563475	-12.4520357828	
0.0	9.58201556452	8.45973013431	-0.70026002637	
0.0	2.07494063104	5.19118654689	-10.41819556	
0.0	0.636160409481	5.17241509767	9.67459998212	
0.0	-8.40241769245	-3.50137412955	-13.775251382	
0.0	3.27840158641	7.86025192148	-10.2843342191	
0.0	-5.23024388964	-0.88469938232	-12.7307731704	
0.0	2.91382590766	-3.26562836842	-13.2574670033	
0.0	8.12903166439	7.02097286682	-4.88500712521	
0.0	-7.60375910842	-8.63187289171	7.67115303097	
0.0	0.845484619787	-7.92168262504	10.2323129435	
0.0	4.06513166972	-6.79917034595	11.068679791	
0.0	-12.5472513552	-2.09380785187	0.956920344484	
0.0	-6.84189838352	2.51839136233	14.1552470272	
0.0	13.3308344607	2.64895940584	-0.52084553177	
0.0	-5.42770804365	-1.58175600698	0.121007920375	
0.0	4.97455198973	1.1212966339	8.36099476687	
0.0	8.46227589086	-4.46342756846	0.261540644482	
0.0	0.28341907847	-6.92047545748	-3.69032314896	
0.0	8.73892702585	3.57214977798	-2.54310714611	
0.0	-5.81504756493	10.2707908373	0.918440741937	
0.0	10.434621162	5.35311142282	-8.48626713508	
0.0	-3.88494310497	-9.45834504772	-7.96695944126	
0.0	6.69484668694	2.04843320721	-1.84689250828	
0.0	-0.494839625927	0.752100509238	11.4204996509	
0.0	-2.55540507142	4.28515076743	-9.86382199503	
0.0	-12.0867157011	2.5921967378	1.57221314135	
0.0	5.97667794783	12.2231103447	-2.0263765642	
0.0	-6.59487686625	-1.86393521628	-7.88927954897	
0.0	9.06114800182	-8.30209073057	0.556248007826	
0.0	3.18015537036	-5.42303681606	-0.0319588682675	
0.0	6.98928175463	-10.9137031895	3.21456508204	
0.0	0.403405772985	-10.1770476919	8.12246544343	
0.0	3.95764960698	6.92832236	-4.76313039179	
0.0	6.18058027256	-1.63831996256	-10.2403694437	
0.0	8.70371456307	2.79962447427	-8.61622458841	
0.0	14.4436684889	-6.85150588274	-1.10081504596	
0.0	1.4019704826	0.877532453529	5.37713175791	
0.0	-7.55435501583	-3.76589718582	9.76287093328	
0.0	1.70917661435	5.78830610286	-3.95250670231	
0.0	-8.37166584774	-11.0465006346	5.39586081117	
0.0	-12.6189579489	0.1384342479	3.11601006488	
0.0	15.06892785	-0.351398034239	-0.950010650895	
0.0	1.6634206245	-8.80363613517	-2.74732058693	
0.0	4.0355768037	-11.9164519326	5.01018707097	
0.0	-5.2282761536	-4.91175516999	-7.72899910426	
0.0	0.378369685859	-13.2238716956	2.45469452267	
0.0	-10.8008461208	1.25288036553	2.68014520472	
0.0	-9.34013036025	-8.16011641002	-0.304165669525	
0.0	10.9405689691	-6.11254526008	-2.33695412146	
0.0	4.07111772981	4.15846573925	-3.51074324522	
0.0	6.14685940815	-3.64260759084	8.36503207956	
0.0	-1.08772048646	6.61490489613	-1.89272487413	
0.0	2.89373616884	3.619566258	-8.34264035938	
0.0	-4.47490742993	-2.85949954309	-10.1484744653	
0.0	10.7390482046	-0.143905294488	-7.35765433879	
0.0	5.16763415401	6.14117674666	-9.84422742776	
0.0	10.520549304	-4.86695913347	8.18117485131	
0.0	-0.770787001076	-4.21039037148	-7.69859074992	
0.0	-3.64446372699	6.0601458606	-2.17957674296	
0.0	-13.5762528177	8.66701729782	2.02036851474	
0.0	-9.50017570221	-2.95754079003	6.36262787151	
0.0	5.85189020253	11.9588770366	3.19693330415	
0.0	-12.1637372755	-9.294476677	5.23969956904	
0.0	11.2188526137	-2.25456421111	8.34815522147	
0.0	0.464604431144	-9.92069610353	5.14355720494	
0.0	-2.91103428797	12.5756877824	-7.90196539252	
0.0	-1.75774090631	-0.439849295705	-11.3960612809	
0.0	3.42321624412	-4.15845065078	-3.50620320796	
0.0	5.73008907211	-7.45803957443	-3.55769541775	
0.0	4.6828100043	-11.2735864161	-9.80450627222	
0.0	-13.8191287902	-6.69637554559	6.40697379289	
0.0	-0.108827105232	-0.168958431016	-9.71516563971	
0.0	0.655187318266	7.06665786425	-9.58092597456	
0.0	2.01407488375	-4.33026683958	-7.01426005366	
0.0	-11.3789531435	-4.54472990143	5.85348025596	
0.0	-8.44163757952	-9.26126935088	2.52000014112	
0.0	-1.71268849611	-2.34774954068	14.8425887348	
0.0	-5.73281794393	3.28080540604	3.7710977623	
0.0	-5.78971749089	-1.11808858443	5.33884392761	
0.0	-7.33670824608	4.81406675824	-4.66520533391	
0.0	-8.36118720396	-9.32645619905	6.77060104745	
0.0	-8.81221567943	-2.63197436899	3.76211266456	
0.0	-25.4408974785	16.2664470266	-4.58472236628	
0.0	15.123546795	-0.177062016648	-7.24169880042	
0.0	4.95563976141	5.3340014334	5.81447357478	
0.0	-2.81801787094	2.30566250458	2.59496507164	
0.0	-5.79681516012	2.79662217431	-4.90734816621	
0.0	3.96083205327	13.3148246442	-3.28282140329	
0.0	-1.41500122821	-5.36410771369	-9.78058479759	
0.0	8.4525309106	-1.49223962347	-9.98530119157	
0.0	-15.9758073146	-2.39573845693	0.537634484518	
0.0	-0.0724195136015	6.04427856996	-14.6272370043	
0.0	-5.38367902213	-3.66508833619	7.31977250724	
0.0	-14.4018948393	4.39743225862	2.35558534169	
0.0	0.903729476226	-9.20857334886	-4.71421239821	
0.0	-9.55390520325	-6.57964285154	3.66761920433	
0.0	11.7777651892	-8.49025399862	3.14848139582	
0.0	-9.33634404809	0.0653992661262	0.545874582807	
0.0	-5.45890362249	-1.53932560731	12.2345430297	
0.0	-6.60309998147	2.04797342357	-0.310045957967	
0.0	-6.77139687718	-5.46932816043	2.7755502038	
0.0	-5.42066007487	10.63225887	-0.570269683877	
0.0	-11.8702730055	4.47995579851	-4.81528560615	
0.0	-9.11105498424	-13.6854761102	9.75201215871	
0.0	7.65702209572	-0.771443804321	6.79557891065	
0.0	0.581418917041	6.30356089099	2.28478042146	
0.0	2.0059540372	2.0321700492	12.1159857174	
0.0	10.7571105665	6.56932177178	-1.68176300767	
0.0	3.76913391044	-10.2168471641	-8.70869271116	
0.0	-6.18139969411	-6.04800021273	-0.672798489646	
0.0	-11.3320399512	-8.20986062017	-2.97479463438	
0.0	-9.33502954049	0.387031686177	-9.63453272051	
0.0	5.54648208862	-5.33084026409	10.0040905121	
0.0	-12.5897187278	0.246193916115	-0.612263648512	
0.0	2.43048838195	-7.87251747598	8.83275290642	
0.0	-12.5332389184	1.38062938591	4.21150059592	
0.0	-10.8896311965	6.07084588654	-9.7805798266	
0.0	-0.313776265465	2.00956932456	2.27709122948	
0.0	-3.92272352309	9.65296691053	5.73420618018	
0.0	10.060335912	11.0454581087	-0.466169492836	
0.0	3.52736186176	6.04106873024	9.43835857768	
0.0	10.3991173566	3.72372712873	-5.29388022596	
0.0	3.04794222051	5.12004014871	-11.2043005354	
0.0	-1.15921362779	-12.4688505382	-9.90535239484	
0.0	-6.57127966322	3.82286647879	-9.02073851988	
0.0	-8.53539430425	1.38012881746	-5.19600730501	
0.0	-1.24151155965	-9.80450000293	9.74064665245	
0.0	-9.28551104476	-13.6370745241	3.60203261801	
0.0	-6.35493212773	-6.71959505811	6.5465407578	
0.0	-9.44263940326	-10.1412358108	6.00725718637	
