-1.0	-10.339516412	-15.1846341963	-0.368618548609	
-1.0	-5.16948101663	-16.2694865549	4.49378477756	
-1.0	-12.634390054	11.1698578548	-6.2247243437	
-1.0	-10.5326096465	-12.8592518889	-6.10203366932	
-1.0	8.67135887563	12.7185934559	-8.33532710359	
-1.0	-11.7134292392	-14.661985935	-1.3786461642	
0.0	2.11493857096	-0.753307649051	9.0627155127	
0.0	5.3417043424	-9.45602067731	-1.42807519424	
0.0	6.14847843081	-0.866483370138	3.17720895342	
0.0	6.38022626215	8.40550112023	-3.96437767516	
0.0	0.898402276023	7.01373187009	-4.88293865169	
0.0	2.27468948228	12.6485766504	-1.17930893802	
0.0	3.60283899393	8.15242053125	-4.78164867293	
0.0	-3.2428707454	9.69456624441	-4.34264709151	
0.0	-3.74725762725	8.17461818638	-5.01017263964	
0.0	-2.40881880294	8.70915638823	-5.81767461886	
0.0	-6.60161208911	9.80231281594	-5.21179728391	
0.0	-9.40755300028	9.14137520181	-6.03990189729	
0.0	-18.0969137889	3.77620933018	-0.952921711175	
0.0	-11.0946414079	-5.74233553172	-8.54325622842	
0.0	3.61999981128	-7.64092420075	4.44099831818	
0.0	5.08139918182	3.36404756807	2.64217285968	
0.0	-2.72882857954	-10.5046307279	6.33374269176	
0.0	-15.3909588908	4.27954144175	-4.28711163214	
0.0	-12.3801777848	1.9080496298	-4.54036785163	
0.0	-10.5146196195	4.8431837382	-7.05049432707	
0.0	-8.3654262536	4.29772005193	-7.71329193892	
0.0	-1.69820837395	-10.7026913737	6.9089412861	
0.0	-0.208214319233	-6.94041805407	-11.313861547	
0.0	-3.96630193713	-0.732795176759	-11.1461986667	
0.0	-6.12372607283	-1.00722576339	-8.48466909704	
0.0	-6.07431962468	8.43656346034	-8.54722478265	
0.0	-9.87447280314	-0.422942790927	-3.56364556092	
0.0	-11.1969746152	-3.70852017782	-3.49432951506	
0.0	-11.7586617376	-4.87218843586	-1.67469136085	
0.0	-9.97798932916	-9.2260331399	2.9128154213	
0.0	-8.15496790788	-7.82418129125	5.79180010994	
0.0	-5.81612805645	-6.45038670194	6.75335775345	
0.0	-4.99210071464	-0.319709662741	6.1907502603	
0.0	-3.88525000651	-0.711225340975	2.86772173529	
0.0	-4.26991111584	-0.634459633607	1.14530478839	
0.0	-4.75356830112	-6.67761388979	1.07351019509	
0.0	-2.61676267675	-7.25606763245	0.653013103671	
0.0	-7.1132852852	-11.2289897473	1.98938060731	
0.0	-0.853366117821	-4.60952677258	-14.366266614	
0.0	-1.34518266886	-3.10637606063	-13.5586270741	
0.0	-1.88149181054	0.137537360556	-4.70011448287	
0.0	2.6324505636	-4.46495144267	-5.58551694109	
0.0	-15.9530430534	-10.7181766419	12.0750635306	
0.0	6.50387176291	6.4725833288	0.808588558264	
0.0	13.0557270729	12.1038714335	-1.97850126725	
0.0	-6.44516201247	-1.22634020306	-14.1189617692	
0.0	5.02528408482	3.69087406164	-6.38290418626	
0.0	13.4265271936	4.60911341781	2.37111339338	
0.0	13.5330243189	-4.04744715298	5.07628489874	
0.0	12.0341285086	-4.49097279498	4.52627147289	
0.0	12.7093871243	-5.76251981821	4.79413470656	
0.0	14.6492105781	3.69232257185	-0.48504198764	
0.0	14.8682459393	2.95475802856	-5.43156602857	
0.0	-9.30768850654	-5.1365142641	-12.4535143646	
0.0	13.7824760494	7.17834573704	-5.72718346537	
0.0	12.5137601138	4.2505934904	-6.35729249775	
0.0	8.48883496188	2.88019575986	13.2644830497	
0.0	14.0545664114	-9.32723387945	-2.40399603642	
0.0	15.0618089136	-6.61888974009	-2.8671776713	
0.0	10.0903902258	6.3513332078	-5.95880799759	
0.0	4.24411754041	0.912393022953	15.3181881071	
0.0	9.92356766012	8.7916990354	-7.54079746993	
0.0	16.4224118024	-0.486608344698	-5.11445407304	
0.0	7.41069847538	-11.2593232318	-2.49719452471	
0.0	9.09034993002	-12.020844654	1.45578191093	
0.0	9.00975077853	-11.3010502359	4.11502064054	
0.0	-0.413379479532	15.8464392427	-7.15369106196	
0.0	-2.21925482429	-0.324197713097	-1.60108103065	
0.0	9.60924714388	-0.839221953944	5.71542692124	
0.0	3.31180344944	-3.39707805106	7.50542031634	
0.0	2.78611613455	-3.56506555614	10.0195666036	
0.0	-15.7713145035	2.73229076283	-7.2717574182	
0.0	0.351715243985	3.1751770273	-3.44297833778	
0.0	2.796160493	2.481025206	2.9844025138	
0.0	-0.454903910983	9.52694973688	10.5874751957	
0.0	-4.63025486531	7.20145165961	14.0108987721	
0.0	-1.52662577791	10.384121832	12.9877394787	
0.0	-9.81323226424	2.87861185668	4.84087633727	
0.0	-9.70333490456	2.02347840278	2.89065092127	
0.0	-10.6916065485	0.765546616049	1.77571146818	
0.0	16.2181383295	-5.14307739442	9.74142840683	
0.0	-1.92157857984	-0.673739786867	13.1963326558	
0.0	21.4242781363	-4.40397450238	-3.28080214262	
0.0	-6.51717953698	-5.72232690909	8.50672329164	
0.0	-6.53828230777	-3.40850688263	7.31964727359	
0.0	-5.63507489232	-1.64308376371	6.33298953872	
0.0	-11.4766557817	-2.44023384876	5.34868169481	
0.0	-10.1000305641	-0.594783551074	3.53647293841	
0.0	2.71225566047	9.81051301652	11.8124704014	
0.0	0.578441432946	-13.3215229407	1.24147665399	
0.0	-14.4437801251	-8.75806331705	-0.448443229762	
0.0	-4.97399895968	10.2431819789	5.56938018097	
0.0	-6.61651281924	9.83387404183	7.22623412107	
0.0	-21.1773830462	-2.41548178536	1.91272301762	
0.0	-10.8504049621	10.4273978711	3.85676585793	
0.0	-14.5145454978	4.43130123535	3.78542211919	
0.0	-8.52125636163	3.05556374935	-5.70146611461	
0.0	7.37616573576	16.4815971493	5.09658441924	
0.0	-2.64971318193	-6.94381868948	-15.8120848374	
0.0	-14.0591939898	-4.75202354114	-6.01752136613	
0.0	0.361147193755	-4.47018935522	2.63436784655	
0.0	-3.38010686716	0.699461937058	1.11963415273	
0.0	1.25776081263	-4.38272099076	1.5432206668	
0.0	-4.98397324473	9.02833557012	-11.4885870949	
0.0	8.55533582696	1.27506748792	-8.2426686821	
0.0	9.18900418813	22.847467309	-6.61699582585	
0.0	13.9764268837	5.71062518449	-9.79183264298	
0.0	-17.9550575526	-11.3455246593	7.88256393944	
0.0	1.47205684318	8.65231117499	-6.11787559094	
0.0	12.6209890323	-7.21404819873	-7.16483416423	
0.0	11.7009063205	-5.02630571868	-6.69560188477	
0.0	12.7459304139	-4.48780352187	-8.05800896215	
0.0	6.29247057102	2.68540471871	-10.2148214771	
0.0	7.25230060531	6.7515819501	-12.6121196519	
0.0	12.7052158773	3.68355557104	-11.3108247873	
0.0	-2.15615271488	4.30469186136	-12.5248040299	
0.0	8.55881699923	-1.64019506758	-6.12464623731	
0.0	10.3416204192	-6.97802346518	3.78457877844	
0.0	3.2758392678	4.1881482366	7.34370949798	
0.0	13.4136081323	-3.83843754306	7.42451134625	
0.0	11.4585467292	2.40724283803	2.16699439143	
0.0	-3.69088244167	15.0380777845	2.69288743471	
0.0	10.2704405	1.88414765422	-5.7965184229	
0.0	2.53963162666	4.32927072407	-11.3481157188	
0.0	1.95123399	4.48235546741	-12.7469887453	
0.0	1.74662663748	3.01716493795	-15.2201634628	
0.0	6.01825610417	0.771546870457	-12.3256475586	
0.0	-4.03101669628	-1.11998948319	-6.53009896512	
0.0	-0.148542930302	-5.81622484021	-7.9959141573	
0.0	-0.37006993503	0.317159896605	-4.82710782015	
0.0	3.62653746096	-6.89387873664	-1.56639851982	
0.0	-2.38251426016	-7.15638556167	2.84206428507	
0.0	-5.56969577461	-2.13309005898	-2.06642835756	
0.0	-3.20940806265	-10.5410080172	-1.3197188913	
0.0	-6.30459156373	-14.5932069055	-2.21885758344	
0.0	1.34716897702	1.2546621327	6.42660453142	
0.0	-3.28081628092	-13.473557954	7.70763217829	
0.0	-4.0231865326	5.59855789018	3.77651725266	
0.0	-4.07994027467	1.6996687026	5.7361575858	
0.0	-5.58766214185	2.13492701808	7.41785797981	
0.0	-15.3163585482	5.24907726105	7.21097597092	
0.0	-8.84769155993	-11.5002831232	4.4147492594	
0.0	11.2640104554	13.1269086865	-1.71368994307	
0.0	9.48951794393	12.6024019009	-1.59071269254	
0.0	-1.57596376192	9.03928911108	12.2799411943	
0.0	-8.85913601713	10.4074861596	12.4363355077	
0.0	-14.3009291985	20.257453891	6.61704176376	
0.0	-0.815170374546	3.92413665544	13.7477561229	
0.0	8.42403078188	1.61239505965	5.0383109291	
0.0	4.00045948394	-0.644961170629	10.1387264182	
0.0	1.44040103928	0.00601327704337	12.8602101925	
0.0	1.56651233281	0.0575472715723	13.8356662247	
0.0	-8.09166520615	-5.89381652544	-2.36889938986	
0.0	6.00620850733	-11.8583721302	3.57472834795	
0.0	-5.73161549766	5.22578384379	6.00438305816	
0.0	-2.48756715538	15.7363438118	-0.960520098598	
0.0	5.36273640566	12.5795995907	1.52081298171	
0.0	-0.85757153831	9.66249156287	0.677746887867	
0.0	-7.67098612243	1.6056344801	-9.13306571939	
0.0	-0.745558882062	9.18058159308	4.97170760234	
0.0	-0.31341490055	5.15254882209	2.10053455355	
0.0	0.644979161173	13.098563672	3.30738717558	
0.0	1.89356717293	13.2650647821	2.54306548408	
0.0	2.89849862399	13.1164295587	3.54717355815	
0.0	5.42650025814	12.7065077756	3.2074198691	
0.0	9.07168924186	10.1727789443	2.56885028917	
0.0	5.71364023762	0.57232892898	5.93423884842	
0.0	17.1627830216	1.16940882177	-4.12909843229	
0.0	-15.1229697368	0.311522005381	3.79514497225	
0.0	0.876467576828	-14.4406448446	6.54316270306	
0.0	2.76402771069	-0.181090853701	-0.82789946174	
0.0	-13.7558820228	-13.3722058135	1.99062988611	
0.0	10.5454389054	2.74652278665	2.42957620185	
0.0	7.31243610712	-7.52937775196	-11.9772170326	
0.0	3.45319429814	5.06909068652	1.28703708059	
0.0	-6.28496786048	8.14412688671	-1.86036593263	
0.0	-8.60865948176	7.63723195185	-2.8993768941	
0.0	-7.83199681953	6.68033553738	-3.30916882213	
0.0	-3.3960629233	2.90843435706	-4.17180878597	
0.0	-0.742027063995	4.20398035621	-5.18819778614	
0.0	-1.57043132503	-5.1536186663	-10.7867457978	
0.0	-3.32389853122	-4.7012721919	-7.21723346358	
0.0	-1.13533843847	-2.0596924775	2.94604909192	
0.0	-4.88319047361	-5.19946704596	-0.904670022182	
0.0	-4.05808466638	-5.59359657155	0.674943004548	
0.0	-5.05857417862	-9.95502352367	-3.03148600467	
0.0	-6.00773876938	-10.9195794847	-3.41975194021	
0.0	-8.47059163402	-13.3172753849	-3.23415459184	
0.0	-5.06425565878	-12.0224555405	2.16996733994	
0.0	-5.55923726549	-8.94719697155	4.30900265434	
0.0	-3.5633024646	-4.99657005857	-5.27651527629	
0.0	2.24241707448	-13.3766603644	3.50634848039	
0.0	-7.1029581925	-4.36162688957	-8.96367845626	
0.0	3.41278749271	-9.97969354113	-5.14695206764	
0.0	3.51988805169	-6.29287013808	-13.37025224	
0.0	1.95052136676	-4.38570584374	-13.2581195261	
0.0	-3.44320930669	-5.86048188117	-10.9526627784	
0.0	-5.84725862925	-5.06739278241	-6.33602752568	
0.0	-3.32579744863	-8.74660771308	-8.59252956662	
0.0	-2.25867686629	-9.75435521022	-8.25196526066	
0.0	-1.52219332494	-11.4336254758	-6.89912113263	
0.0	-4.04412567482	-10.8725649882	-4.9222166508	
0.0	0.462518533853	-10.2224880806	-10.5614573993	
0.0	1.80820151905	-10.7933576255	12.4099173955	
0.0	16.4355363967	1.2087080686	4.85738103693	
0.0	1.07559658144	-4.50915978868	-0.713817914112	
0.0	10.8164009109	-6.01996342863	6.3584726032	
0.0	3.32743564266	-4.92592437195	-4.53876337723	
0.0	9.97800056721	5.03125668559	1.81791338406	
0.0	8.33166291898	3.5271001871	-13.5698065941	
0.0	10.7170816581	6.70591561043	-12.2880012331	
0.0	9.64641035708	7.00103420113	-12.8556341748	
0.0	6.70715914122	8.06735736317	-10.6805195287	
0.0	13.0431393573	-9.50215874439	-6.12996857464	
0.0	15.2497866582	-7.00866123859	-5.79065805841	
0.0	14.7107172418	-6.69049123656	-0.825524094715	
0.0	11.6654547941	2.35754377157	6.57013164743	
0.0	14.4376644879	5.95504484276	-4.27818961631	
0.0	14.4094469941	-2.84135539021	-4.23802940536	
0.0	14.1086239545	-2.57264449104	-1.78867353536	
0.0	-13.6958303806	1.39706281644	-6.84884666334	
0.0	-13.6761913426	3.36823825603	-7.28275077222	
0.0	-2.86534150899	24.5747706729	-12.0580206174	
0.0	10.4659772085	4.63857429246	5.29752581439	
0.0	8.99740456589	5.4406933563	5.8545445774	
0.0	6.80499755035	9.82117166995	5.58119296413	
0.0	2.58176093133	19.3317925226	-0.42924176694	
0.0	-0.553732464999	10.3483259649	2.42364069718	
0.0	-3.3857120658	12.8204717784	7.30584123495	
0.0	-7.87070465999	6.50804383706	0.69337552559	
0.0	-1.74037391253	7.57458478427	-0.690519187276	
0.0	4.98279984968	7.81134382916	8.75830504111	
0.0	2.21773555648	7.09844257952	13.1454384261	
0.0	1.3693157974	6.17508770701	13.3259965252	
0.0	-5.11733659126	-2.29063357619	12.9701206794	
0.0	-10.4900536743	-0.0446856417534	9.62792374077	
0.0	-11.7769517542	-0.84062857489	9.9247812288	
0.0	-6.52941308036	-11.6986723991	-10.6264294369	
0.0	-5.81799297028	-12.4698373991	-9.14728211116	
0.0	-3.30442656236	0.149692196274	16.8916301715	
0.0	-5.82160591114	-4.74003353164	12.936221335	
0.0	-3.11660230579	8.51754159745	11.2966054026	
0.0	-7.5592210549	10.5386916156	11.2928603922	
0.0	-5.81966154249	10.4752366374	10.2403659517	
0.0	-12.5215015722	7.12750150281	8.81208115162	
0.0	-10.9376153685	5.06021945956	1.53745270571	
0.0	-11.9088250541	-9.15511454839	-11.990494378	
0.0	-7.40072873041	1.70181512916	-14.3073664212	
0.0	-8.23259029918	-1.7007886048	15.5057073119	
0.0	-12.7044828296	9.46338238935	0.171190812547	
0.0	-2.06160555549	2.66942242415	8.31523456122	
0.0	-4.72706324217	3.43413270312	9.47351061807	
0.0	-6.17624208785	0.905914573093	7.79830978741	
0.0	2.64222607758	-4.59475297724	8.84361381178	
0.0	-5.46441005898	-15.0059388848	1.497354675	
0.0	2.30784306528	2.16119678264	9.67497138968	
0.0	10.6552237971	-4.61933333256	-0.980031368802	
0.0	4.3876815627	-0.274858221644	-1.63930683557	
0.0	-3.66296602722	10.1608641164	1.37257538749	
0.0	14.1457858863	-8.3977237703	0.658732904158	
0.0	9.85170729017	5.03297840577	10.824892905	
0.0	9.36406147606	-1.31190498928	-13.1442209958	
0.0	9.67388454649	5.20986133822	-12.4072531289	
0.0	8.70392280869	7.90936659285	-11.8394524707	
0.0	5.55838910659	8.33576740582	-12.0810752485	
0.0	-1.60449939378	6.77627290453	-10.3174061115	
0.0	-0.384822217791	3.82713999886	-8.33069256439	
0.0	6.52078491807	-5.85717231388	5.87868761891	
0.0	7.46206492766	-4.88237788952	5.05078009261	
0.0	12.3990403738	3.44016643341	0.0388366185563	
0.0	12.1147968125	2.81243540611	-1.51747199837	
0.0	11.8025911151	-0.976281067835	-5.66580422696	
0.0	-2.48086452048	2.83648202293	-12.9847427418	
0.0	-1.0267651685	3.83028562738	-14.0276783374	
0.0	14.6209327864	2.89563071618	-12.9236067335	
0.0	-13.1324684816	12.7885807835	3.70424597369	
0.0	9.33071773335	-0.209015765251	-11.9096622682	
0.0	9.39039614766	-2.57362082763	-12.3668582343	
0.0	12.5677107297	-9.45981708061	3.30869196559	
0.0	8.63831720021	-4.60140250648	-10.1775529748	
0.0	6.8385699169	-1.84398465769	-11.6437868156	
0.0	5.17041722859	-1.850057837	-12.309364219	
0.0	5.68720881031	15.8207310941	-0.825685660836	
0.0	3.10200432995	2.35520931108	-10.6482902599	
0.0	-6.35443733316	-12.7154383973	5.61303000449	
0.0	-15.7713108581	-3.40997829336	6.74099264727	
0.0	0.911711356136	-1.26852681667	-18.3560263421	
0.0	14.6992798864	-13.0188874757	3.53391650033	
0.0	-0.902922563066	-3.83491699973	-0.209129076744	
0.0	-2.08151567701	-7.136345298	-2.41560227035	
0.0	-12.942425997	-8.78459584077	5.38273808471	
0.0	-11.5024950628	-11.7105209691	5.32699459194	
0.0	2.56583347079	-12.7572377924	-3.86293998622	
0.0	2.48314685104	-13.7267735724	-1.6297451983	
0.0	-2.18228743389	-3.9099600899	-8.1054184922	
0.0	-8.99003426883	10.6015133258	8.69715149097	
0.0	-7.4049643	11.2788262506	7.0211914684	
0.0	-10.5171526003	-6.34479302282	-4.6571685205	
0.0	-12.7371879283	-8.31108269766	-1.23140020723	
0.0	-13.7108644544	-9.85491135543	1.45351456739	
0.0	-12.7922971379	-10.2036555556	1.94927237451	
0.0	-4.93962041777	-7.91850889244	10.4601242635	
0.0	-12.4371081965	-0.409181520269	6.18782317375	
0.0	-8.87423760744	2.74309790186	9.40257200432	
0.0	-4.49955702306	1.74659428373	7.94518718861	
0.0	-3.81131440411	-1.28416305493	10.5483095601	
0.0	8.13978363521	-14.8947893676	8.39738210302	
0.0	0.64779069921	-4.6822748253	10.7390662188	
0.0	-9.50998830545	0.304189555094	-1.15974206616	
0.0	-16.0758475109	0.85908248982	-1.70357786362	
0.0	-17.0853520924	3.77223978806	0.534998630365	
0.0	2.4712476433	15.1859989336	-0.302502052093	
0.0	2.18859990327	13.3304433413	6.21360435348	
0.0	6.76058388617	12.3979060159	4.97854542049	
0.0	4.94732968721	14.35592555	10.6277980101	
0.0	4.63697307278	14.488942379	8.23970420784	
0.0	0.8511398619	10.3791462072	3.63400166319	
0.0	6.375278291	-5.19871953313	-5.55128387688	
0.0	6.18244419887	-10.7564628912	-5.64389537446	
0.0	10.1554019128	-14.7803791218	2.13197976609	
0.0	9.24730325446	-10.6153895877	-0.949961585756	
0.0	10.2181747583	-11.5436761116	-1.5819039897	
0.0	12.784859389	3.5402647306	9.35091387406	
0.0	9.34947798683	-13.033112312	-1.86310179153	
0.0	11.4869139767	1.70954465523	10.8656406663	
0.0	-13.6113369233	6.40621570654	-6.91692034822	
0.0	2.3414327277	12.0934573218	-6.70586380768	
0.0	1.64092506457	8.58506251759	-0.665734330724	
0.0	7.29641387249	11.3207246776	6.07892454574	
0.0	5.19012327221	9.37009257437	6.52862618195	
0.0	10.0497024814	7.38178722537	0.88112392796	
0.0	7.05007606934	10.2363605778	3.54368797813	
0.0	0.603894799713	9.09372171888	-2.35000305873	
0.0	14.7640723973	6.9906522417	5.73720042424	
0.0	-15.0000140256	-0.230082099494	-2.51669366626	
0.0	4.80569374914	-1.94047699182	7.64737848449	
0.0	8.8661593733	-0.93231347857	4.58972071456	
0.0	5.66023198676	-31.6481276221	9.73136198975	
0.0	-6.55890944227	-3.8539162649	2.22940009059	
0.0	-2.71817023431	-3.46769170861	1.07411191389	
0.0	-1.94506873136	-3.76102295468	2.11629485733	
0.0	-2.25796864079	-5.98452389885	1.94207258038	
0.0	-6.12179949251	-12.2100571974	-2.37698396938	
0.0	-3.2682714605	16.6864972301	7.59093492106	
0.0	3.01312341055	-3.09955147756	-9.79750124306	
0.0	-3.8333317752	-19.8099105547	-2.36634398477	
0.0	-0.127031493625	-3.3922031428	-7.79877695229	
0.0	-11.3812789618	9.73867663291	9.12363862265	
0.0	4.79516403091	-3.21158538167	-7.24754126034	
0.0	-5.22741725696	-7.61166075464	-7.52101014697	
0.0	1.58993941498	-9.5580634081	-7.17706029499	
0.0	2.49088474933	-10.5843981178	-7.70400824741	
0.0	-6.20890894016	-13.5768899336	-4.85017998181	
0.0	-4.94746550755	-12.6426611135	-2.33316862485	
0.0	-1.60442146047	-5.28363479068	0.285007143158	
0.0	-0.823066440751	-3.89509198362	-2.06057359909	
0.0	0.112312801456	-3.13171028092	-2.61097869967	
0.0	1.56258569452	2.7777033409	13.4487041088	
0.0	2.87963113244	-5.97656441571	-9.74624461433	
0.0	2.98002423342	-0.753113688516	-15.0268157741	
0.0	6.28583493638	1.84861490825	-15.2597143559	
0.0	2.41933273326	2.84586323218	-13.0543599822	
0.0	5.54016315682	-3.86564928419	-11.7417489893	
0.0	11.1335020558	-7.21684870236	-8.79513315121	
0.0	0.207741010493	-13.1722090013	-9.43175748907	
0.0	14.7261634284	-5.40717324861	-10.1926935946	
0.0	2.04316411455	10.8885167792	-13.3713889341	
0.0	2.98454384411	7.00625629471	-13.1639984593	
0.0	2.34503689648	7.57802432255	-11.9892620312	
0.0	-4.28953263309	5.82864272534	-9.84382473755	
0.0	-2.81517500804	4.09091665468	-9.95121527114	
0.0	-3.77172155683	4.03651666041	-8.28626696893	
0.0	4.76101106111	-2.85636491309	-2.01413654096	
0.0	3.09967618424	-13.7648103645	-8.81634325543	
0.0	9.98660110351	11.8536712459	-16.6141441294	
0.0	8.42646310355	4.13813384447	0.191034020378	
0.0	2.22459779967	1.41491367375	-3.4372318221	
0.0	-9.21042194259	11.02924271	-5.82422099483	
0.0	-7.93521232943	11.2399129904	-5.35894321547	
0.0	-5.83072547083	11.0500263228	-4.9166420662	
0.0	-3.08210089422	8.7452225192	-2.95506441486	
0.0	10.1400969055	10.8327453203	-3.90951155689	
0.0	4.18258754188	7.50709384473	2.3635644121	
0.0	3.43131137014	7.20981667177	3.97725510471	
0.0	1.61056069132	10.0905035432	-1.79822215485	
0.0	-16.4316724807	2.30655079769	-1.03876238168	
0.0	-15.0433877218	-0.331663379452	-0.588244024699	
0.0	-15.6044325364	-2.24038159111	-0.0367311519653	
0.0	1.50865437175	-6.32041341453	11.2890682107	
0.0	-1.86961549656	3.77912272983	16.6935378304	
0.0	-4.83312477764	-1.83308972603	10.3953125079	
0.0	-6.96298114902	3.76438817792	9.5845786335	
0.0	-9.25261398553	4.51908266241	8.76758231719	
0.0	-10.8494600466	4.66669380049	11.7084809895	
0.0	2.2022013693	13.4432443172	-9.76073899995	
0.0	-8.68266942288	5.15276800696	2.43430128221	
0.0	1.71814525542	6.94609594219	9.56685882213	
0.0	-7.5831053614	1.81466627511	13.3160029162	
0.0	-18.8851427841	3.12391204143	-7.79047764496	
0.0	-6.81475415659	8.78282268554	12.0038866203	
0.0	-8.74120695925	9.31941258155	11.5746785497	
0.0	-10.0458521979	14.4814096495	3.1202715844	
0.0	24.2648914202	-3.78128099899	-3.36040990466	
0.0	-7.26667509913	-9.66759298132	12.0857719291	
0.0	-8.55055809083	-9.34438543663	11.4838917857	
0.0	-9.2678447314	-8.86035006033	9.89597967895	
0.0	0.661702564908	-7.81160357359	6.58225604493	
0.0	-2.04123567471	0.642980314789	3.37962986711	
0.0	-1.9708943774	2.12193658261	1.88311828315	
0.0	-0.191990409536	4.40743249971	8.05099814486	
0.0	12.4397953185	-0.566977001542	3.83731445672	
0.0	7.91510865649	8.11879201973	-1.94062670495	
0.0	13.1733026945	11.5919311817	-0.578130368188	
0.0	13.6286579179	11.7670817913	-3.29510845261	
0.0	-1.50610039843	10.9337937375	-5.93418176044	
0.0	-33.2414642082	-4.09746321173	-2.36613141494	
0.0	12.9192085048	-7.02408561362	-0.739099256824	
0.0	16.7188342684	-6.16733448305	-0.549390235852	
0.0	14.8955458099	0.284197390296	7.16833938837	
0.0	12.8964276592	7.81274995853	2.05203778412	
0.0	14.4606251673	5.14952336031	-2.44850782109	
0.0	14.9659162977	-1.13036059502	1.28477927845	
0.0	16.2805790131	-0.390088369038	-0.955529716882	
0.0	14.8991994435	-0.927837144206	-0.177889276374	
0.0	15.242306374	2.79410771754	-2.68252663776	
0.0	12.783183314	5.28624509279	-2.77804104605	
0.0	11.738754452	7.21861801373	-2.6405078198	
0.0	12.5484145062	5.80140522977	7.31365973419	
0.0	10.3200032533	4.99055028018	3.66376011337	
0.0	18.720013507	-11.7719158037	-7.15169329194	
0.0	8.29604877061	15.1303511796	-0.951340400975	
0.0	5.69710862643	8.10025055223	-9.34210179057	
0.0	6.16421725761	7.30265782465	-8.47422160465	
0.0	12.0132363524	4.31701087846	-9.24506322015	
0.0	9.91550599904	5.10936598382	-2.40041656061	
0.0	6.8896347133	-4.86945546297	2.78220716106	
0.0	3.64571886827	-6.49708251652	-5.05754361705	
0.0	9.43524591504	-5.33822634453	5.40063841907	
0.0	5.72326516669	-6.01445551521	0.177463916193	
0.0	14.5642739475	14.8263847737	-20.2426616996	
0.0	-1.4903871957	-13.6024999406	-2.0773391545	
0.0	-3.03928312272	-13.9858284004	2.77465064286	
0.0	-7.3609011067	-12.8669917064	0.696868580213	
0.0	-10.4137810089	-11.1398007532	13.5393676981	
0.0	-0.034331288536	-5.86651458109	-5.04822339771	
0.0	-0.420048758239	4.90142562566	4.6585162433	
0.0	-7.99558849619	12.0070169157	2.24723157983	
0.0	-10.450526538	-1.80993245266	-4.12603825702	
0.0	-7.91476875207	-3.21348775433	-3.88992118737	
0.0	-12.1817819428	-7.56646059003	-3.17494995432	
0.0	-11.5140525994	-8.76845408386	-1.60836480315	
0.0	-4.97913821429	11.3626357051	3.66423564814	
0.0	-11.5433899067	8.78511950184	-8.4407353732	
0.0	-5.14008901971	1.58643260095	11.7472844134	
0.0	-9.64545524489	-5.54462101035	4.51850986272	
0.0	-8.86319384894	-7.96783893916	3.8022140343	
0.0	-10.9925597341	-9.71670064855	5.91600352456	
0.0	-12.3376757795	-10.4425715669	5.37299697513	
0.0	-11.5631311243	-6.73580990726	5.15877777535	
0.0	-12.4826225932	-2.58607545867	4.4302765726	
0.0	-12.3305344928	3.56650708823	12.4867314003	
0.0	2.56105563698	-24.3633654675	11.8092703635	
0.0	-7.06289699447	13.2155594693	3.51161647609	
0.0	-4.19509125306	4.53732644768	-4.52231937755	
0.0	-3.24435350417	3.77848619925	-1.01877054006	
0.0	-5.33298553866	4.85918391114	-2.24570644297	
0.0	-6.67409322418	8.81436709171	1.41581443229	
0.0	-8.35231940889	7.9823879664	-0.84666179191	
0.0	6.41707446357	-3.06545840069	10.4320744929	
0.0	2.43440871538	4.78208800514	2.63665428057	
0.0	6.32795971955	3.53052511336	1.62901503231	
0.0	5.90609137291	2.05129268928	5.00366965025	
0.0	-0.00407827514024	-4.80797293331	8.73022386717	
0.0	-14.5969541447	2.34540458633	-4.20834422889	
0.0	-12.7361523604	2.82806230518	-8.4367108886	
0.0	-12.485804773	1.255077268	-9.22097917598	
0.0	6.7755491287	-1.35728801365	-0.926685029273	
0.0	5.75905716004	2.14757630081	-1.95019929146	
0.0	7.80219576304	7.80142208286	3.6312322751	
0.0	6.45449306927	8.54951663242	3.86457519589	
0.0	-1.44533931337	12.5985210056	-1.92269799271	
0.0	-1.51462984627	12.7556561356	-3.39879148844	
0.0	10.5425037169	10.779989781	-10.512733458	
0.0	-4.60090223877	12.4011270659	-2.61115309534	
0.0	7.2774741035	9.35544294341	-6.45352421493	
0.0	8.78621628313	9.55855493611	-5.94336772969	
0.0	11.3968409905	8.70630432467	0.247839528685	
0.0	12.012129728	2.28810702465	7.18685648183	
0.0	13.0526337338	-3.03987108048	6.59735879533	
0.0	12.1139242937	-5.68730125523	3.26737499445	
0.0	7.23746651349	-8.73357177935	1.86629439623	
0.0	11.7157782032	-3.64091494688	1.03103082817	
0.0	16.1274485273	0.845047317561	1.87352372235	
0.0	13.7844240352	6.63605181632	0.141743731482	
0.0	3.8614828503	-0.568613262066	4.52326897586	
0.0	13.9864322543	-1.73265069412	8.10765687383	
0.0	-2.38652299022	7.07207933754	5.64794523257	
0.0	-1.34082764124	3.5538659013	11.4091619975	
0.0	14.4155944074	-10.0599423204	0.993644522072	
0.0	6.23976154689	5.95318581137	2.63280804527	
0.0	9.07291068144	2.56243160449	-16.2528202145	
0.0	5.38261471849	-6.46392343802	13.6742667106	
0.0	2.1283518539	-4.7151851069	-10.3703427395	
0.0	3.18764725307	-2.73905068612	3.52044651301	
0.0	7.94888636083	0.0779450817222	14.5016019631	
0.0	-0.603645767467	2.50621170429	4.04683451418	
0.0	-6.94333202879	-1.71336397409	2.15539649643	
0.0	-1.78622347399	1.01767465429	-17.8866880116	
0.0	-3.87270542697	-16.1907177579	-3.54652148124	
0.0	-4.9731116114	-16.8344791057	-2.22599098975	
0.0	-10.944867305	-9.57868158957	10.6206357912	
0.0	-2.08792396074	-6.53932185352	4.71603750949	
0.0	-5.97145486547	2.13455608708	4.41852789647	
0.0	-2.59236281257	4.11148724092	9.80832022437	
0.0	1.56815422246	-2.55082981873	-5.18680206964	
0.0	-1.5030479231	-2.4734995909	-4.4007234042	
0.0	5.70123093196	7.06382555362	0.1209882047	
0.0	-3.51399108057	5.6335086718	-3.11591390001	
0.0	-7.61695321697	4.4526850188	-4.45191063391	
0.0	-5.38646984094	4.37995610466	-7.11969114449	
0.0	1.97123954588	-7.06955218656	1.23544328888	
0.0	-9.66775435084	-2.81512273887	26.5711505426	
0.0	8.09955519038	2.01388005657	1.0370240992	
0.0	-19.1577129122	-6.63075945543	-3.3663109628	
0.0	8.87250863987	1.17417039005	4.05649320588	
0.0	9.85485122666	-2.17997572273	-0.472806841222	
0.0	4.82077768276	-1.3068773526	-0.336484221147	
0.0	-11.8230585101	4.19072666023	-8.57960638431	
0.0	-9.04379082282	6.23201899218	-7.80165375603	
0.0	-0.829974316149	9.71975856776	-4.03975538789	
0.0	-2.14909334871	9.90389073878	-1.6314742984	
0.0	4.43691747274	8.81230548863	3.62401183372	
0.0	14.4495639063	-7.08222190224	-9.85114891145	
0.0	2.75534213399	8.38999575948	-6.20336099707	
0.0	3.46201370564	10.7100599629	-4.31061064064	
0.0	-8.14077008942	9.05947075088	-4.5635557322	
0.0	-7.65139512748	9.74009190192	-6.65350118622	
0.0	-1.23825279288	12.3608666186	-6.22773787296	
0.0	7.14806254885	-1.10866851522	1.99024421587	
0.0	4.74051441379	4.91731310445	4.32499920185	
0.0	4.03936485215	0.920774768008	1.13974499503	
0.0	-9.09249231715	5.79278086386	9.36455619827	
0.0	-15.176612318	4.08918677456	-0.369917953515	
0.0	17.8610984592	-2.9412153052	-6.31022739491	
0.0	-11.0423797876	3.102325958	-4.99495298261	
0.0	-7.28179382653	1.88104883867	-5.6396123724	
0.0	6.9564139881	-2.20980092278	-16.1604628013	
0.0	2.40857021853	-10.6252431583	-0.0237826388242	
0.0	-8.23840192292	11.0662180594	3.71016687427	
0.0	2.87764622502	-8.06933924964	15.9528057135	
0.0	-9.27854464192	11.4494158899	7.56396451978	
0.0	-10.0552840166	10.7953027654	-1.75279953416	
0.0	4.26051936877	-15.2874059245	1.52661952467	
0.0	2.96228574895	-11.5519172021	6.09220858475	
0.0	-13.5433233972	-5.76195629485	-0.148958619819	
0.0	-12.5633192625	-6.85641854078	1.59131235856	
0.0	-17.4083597818	-6.05297727516	2.78784221514	
0.0	-4.29402538622	1.92647188255	2.6764705839	
0.0	-3.86878153383	2.31918687598	2.838095987	
0.0	-3.6484038548	-1.63673688532	5.15770450167	
0.0	-3.97320619051	-5.8921924313	6.7677633957	
0.0	-7.85002562842	-13.7917609676	2.65131523394	
0.0	0.28388719978	-6.30678272494	-17.8089020349	
0.0	-5.95207663337	-9.29130250142	-0.222397678845	
0.0	-6.7540667178	-9.01088279296	1.46515431942	
0.0	-3.95622660543	-6.92421454284	-6.36841953215	
0.0	6.88640632003	2.58012125673	18.6626543994	
0.0	-2.71872545303	-0.772772873976	-9.00106577886	
0.0	-3.08867678706	0.33221450093	-7.93352754877	
0.0	4.02779995739	-0.444314642718	-9.14611318068	
0.0	7.25468886454	2.94407433019	-4.85829695521	
0.0	5.80528455995	-4.2468853023	-2.02959377482	
0.0	6.80277243652	-3.06559575187	-2.94222410515	
0.0	6.56056001567	-7.5787165289	0.942873347426	
0.0	4.28489246896	-6.98481587774	1.31041468323	
0.0	13.3643039047	3.41419193292	3.47400402375	
0.0	12.2808418826	9.02618111164	3.98486861685	
0.0	14.468809632	3.01445035124	2.3735812381	
0.0	15.9361750796	2.92745002847	-0.760129212461	
0.0	13.8170383367	-0.331148431911	-1.99660899837	
0.0	13.1093967099	0.328724127494	-3.25644614234	
0.0	12.4469860562	4.99980359942	-5.21232760402	
0.0	11.7834751556	7.56530954299	-6.40431978592	
0.0	9.01421739976	6.92807957501	-4.64925906078	
0.0	10.0492654847	11.7893862327	7.99966344534	
0.0	16.3249484455	-6.38991658511	-2.05523144531	
0.0	15.0158834472	-9.07333496409	-3.90510594009	
0.0	13.4414783336	-10.1094729142	-5.8241200232	
0.0	14.4313562498	-0.201143063541	-3.90053900035	
0.0	14.2252843143	5.08734506194	-6.1878812036	
0.0	-8.1122395383	-4.16531170911	-14.3243605537	
0.0	13.8420184949	8.27364962734	-1.00807531355	
0.0	9.23198368025	-11.4783517336	5.45597303858	
0.0	7.42892280007	-10.9903340849	5.35572741381	
0.0	9.86850217255	-9.05425191048	2.66725820083	
0.0	8.06375021492	-9.77253288821	2.76975919595	
0.0	11.3460690155	7.14801924734	5.34711307498	
0.0	6.41693111656	3.83199334786	7.9755527926	
0.0	5.91061126345	6.12849437342	8.69672035081	
0.0	5.48319872681	9.26994539918	8.54721715885	
0.0	-12.7758598503	-8.86387841124	-6.29741829984	
0.0	-9.36238515448	12.7248211076	11.3109139042	
0.0	-9.57791072078	12.0532789845	10.195829728	
0.0	-6.2177134289	8.22068930476	10.0252665244	
0.0	-8.15925253534	-5.07411888327	11.9425211091	
0.0	-5.68053776607	-10.8245479062	12.7879499404	
0.0	-6.38750657561	-8.95574019761	13.5812584868	
0.0	-11.0625296667	-7.41618095728	7.0562864398	
0.0	-10.1241491903	-3.16407101356	5.61597024638	
0.0	-7.68219755332	-0.280175674878	8.56957986261	
0.0	-8.21761040919	0.0955284042366	9.61070024773	
0.0	-7.39471713884	-2.34898368165	10.2114834978	
0.0	-6.05620341723	-5.6319147445	11.5582923438	
0.0	-6.16091873982	-9.66174067321	12.2036853865	
0.0	-6.39938575381	-9.74644940629	14.4123520462	
0.0	-8.36818385331	2.52365092841	0.874955340875	
0.0	-9.88381805358	0.834966240018	-4.90540834825	
0.0	-10.5831775826	11.0131294544	5.13794951479	
0.0	-8.68633566494	8.98740277406	6.60693451173	
0.0	-13.7027166932	-1.73070055363	11.8141424739	
0.0	0.406075658458	-9.55505086094	3.14143175807	
0.0	3.89557577696	-15.4315480778	-3.60050177255	
0.0	-8.23187557734	1.79748358593	-2.31018255215	
0.0	-13.5365753913	3.9738559813	1.46387254931	
0.0	4.55413460993	-3.06378939086	13.5133858075	
0.0	-14.3282506238	2.54848770146	-0.600935685464	
0.0	0.271739842406	-4.26143213887	6.74694431161	
0.0	-0.0368274595849	-6.957999785	2.71343669093	
0.0	1.86964147715	-8.42065825904	-2.61653859166	
0.0	8.42917606491	0.0346093980408	10.4154043473	
0.0	-5.99156114256	5.83845309477	-6.5040892264	
0.0	-7.24523532751	5.70316942396	-7.96446116131	
0.0	-2.16957718226	8.90852752574	-9.17525288612	
0.0	5.61093832083	8.0074274271	-13.8822176141	
0.0	8.05054317471	8.33501661879	-14.0167440566	
0.0	8.57238015174	2.03201837588	-12.0142057998	
0.0	14.1461767737	-3.8861328532	-7.92784529595	
0.0	13.7948505028	-7.00348678377	-8.47966219029	
0.0	13.7462019656	-7.0728663309	-6.20305647221	
0.0	-0.331284977589	4.53307112474	-8.47798064545	
0.0	-2.62506170696	4.72326474697	-11.6618550487	
0.0	-1.6966268622	3.84633469887	-12.2559308273	
0.0	12.5221940646	-1.71205299573	-1.01156659819	
0.0	-22.767421949	5.41130499879	13.7518069191	
0.0	11.6750033906	1.69526517853	-0.472110566669	
0.0	8.87810739141	-6.05325306207	6.83616268346	
0.0	9.9187230264	-6.98318507477	8.13685200074	
0.0	7.86940385712	-6.51110143857	4.72744449418	
0.0	7.28457081127	0.160630790837	-8.75675120281	
0.0	7.11327331149	2.97963912928	-14.6631002941	
0.0	9.59458929956	5.5481742173	-15.4815848534	
0.0	9.90570728178	14.8298555217	2.76323282832	
0.0	10.7008775211	-1.68806092663	-10.7198518359	
0.0	7.20455046238	-6.6796389096	-8.92729718336	
0.0	-4.27392164573	-8.88855505249	-12.7399179808	
0.0	-3.60094881039	2.78981814718	13.2162807959	
0.0	0.384770908974	-0.647944003582	0.347118883991	
0.0	-4.1537133426	-14.7920874242	-2.5996671237	
0.0	-4.78397681037	-16.0548248065	-0.75562392815	
0.0	-4.22692873953	-15.0736992573	-0.330042051922	
0.0	-8.08536362319	-10.3284741744	-2.89982617253	
0.0	-2.88989985865	-2.01001259081	1.44061163472	
0.0	-2.56291104951	2.27442840172	4.68512460272	
0.0	3.61345108124	3.40038310391	11.9292756574	
0.0	11.3744561324	-1.44934986347	11.4704738897	
0.0	18.278580726	4.30835429929	2.30815090628	
0.0	2.40462849008	-0.39841055752	-9.97176786501	
0.0	-10.5374312045	-12.1283194271	2.35947028712	
0.0	-11.3650402948	2.89975048587	-0.174907097526	
0.0	-11.10194611	2.66120532179	4.07826254541	
0.0	-4.67444667104	8.28986202818	9.2354493048	
0.0	0.383184882975	-1.67320318281	-6.85404300317	
0.0	-0.543308123991	0.362328318583	-8.04344203507	
0.0	0.599609429148	1.98904753916	-0.0967505610221	
0.0	-2.51648598895	-7.45021670818	9.39593259704	
0.0	1.8010258612	-6.57667378047	8.91277584008	
0.0	2.21538454466	-8.76979464526	10.2494931375	
0.0	2.52127453428	-8.934843972	8.97532051753	
0.0	2.16643515996	-7.78163293842	7.93988069841	
0.0	6.56707036361	-2.65540669619	7.289107132	
0.0	8.66653610819	6.88550310031	6.63369293927	
0.0	8.27646238319	8.28498226246	6.82052462521	
0.0	3.6939185869	14.5138545623	2.85668768793	
0.0	1.04013112587	14.3876552845	3.37440197749	
0.0	-2.24013598612	8.50336994182	3.06047341802	
0.0	-4.26684620589	14.8726504898	12.3864589452	
0.0	-0.214264001479	10.58487029	5.89261986537	
0.0	3.30260478807	14.8519271922	8.76346381975	
0.0	5.8377337824	15.6251927072	10.2240402074	
0.0	5.39358677521	11.651194482	5.45846982491	
0.0	1.504287612	16.5829158925	5.82041823511	
0.0	10.5581944271	-14.4970090034	3.19760971938	
0.0	-0.868383863185	13.043077228	-9.31944838479	
0.0	-17.0454764566	-1.74195026685	-0.217601520812	
0.0	10.680244132	19.0775545194	-6.28527104051	
0.0	-4.27313077949	5.0627877749	-15.7502512401	
0.0	6.14627888051	1.25972928758	7.00917699973	
0.0	5.2442067457	1.32920582693	0.100873668009	
0.0	-1.94773733105	16.6640532635	0.0534952559757	
0.0	-0.433541748276	16.4098616384	0.191434747904	
0.0	2.52885655404	16.3927702605	0.748038611979	
0.0	-3.90480768601	7.09387802214	-2.45025013601	
0.0	-3.74681692347	5.66328683061	0.566545247856	
0.0	7.19412573725	11.0664881106	-11.332306003	
0.0	-5.34803080018	1.59610767945	-3.74328164871	
0.0	-6.53749870747	9.44845487341	-1.22207380141	
0.0	-10.7440838796	8.88169852218	4.68474493671	
0.0	-11.0845895777	7.60470093031	6.54177578522	
0.0	0.0885082026481	-1.2714576306	4.84418662278	
0.0	-4.24533712824	-11.1476999848	3.21526665238	
0.0	-5.98046982601	-13.0909780196	-1.42158061186	
0.0	-6.53944299127	-14.3112475889	0.775880964043	
0.0	-4.68825789123	-10.4631180783	-0.187221165163	
0.0	-3.19321929652	-10.6645761222	1.24833084907	
0.0	-4.24704235852	-6.85117356979	-1.86619280466	
0.0	-4.94784768843	-9.45327872037	-7.4492645146	
0.0	-4.81479637944	-6.2299804497	-10.4219627946	
0.0	-0.454462603173	-3.49650190819	-12.236483224	
0.0	1.05599401968	-3.37992812866	-13.1644671431	
0.0	-13.2277894036	-9.54500865714	-3.02649256425	
0.0	5.429820586	-10.8279161306	-10.3398051254	
0.0	-8.63875597981	-3.90663907458	-7.06477412734	
0.0	-3.73430722798	-1.47285369479	-14.6151372647	
0.0	-7.38413540773	-9.61556404586	-9.95373081197	
0.0	-6.19274990587	-7.37032538552	-5.98755267398	
0.0	-7.76437208535	-8.23564244438	-10.8497617591	
0.0	3.0851276105	-10.1550850898	2.85896806881	
0.0	10.1566175273	-9.91038928126	-11.1945277971	
0.0	-0.0950251655326	-10.6699687905	-5.07905374554	
0.0	-1.94539154746	-10.4358941942	-4.60309064969	
0.0	4.71366450925	-4.20396544538	0.649725949543	
0.0	4.49135026069	-8.1595746369	-8.6192887765	
0.0	16.6887955031	7.30528020197	0.645500122808	
0.0	-15.6912874527	-4.02797689027	3.35714126226	
0.0	9.11486044404	-2.63752036232	-11.2171709697	
0.0	11.7557446452	-5.50726087849	-9.28832980089	
0.0	0.510123195379	9.08394068451	-8.41841596164	
0.0	-0.785541020786	10.0966321354	-8.40423541955	
0.0	-7.21707413084	3.50929428651	-11.7295175569	
0.0	3.58734571191	9.20315321672	-9.44748877242	
0.0	9.25170225097	4.31490813153	-3.39158891027	
0.0	-8.41952546444	-24.4445377062	-20.1228853486	
0.0	10.3775260784	-3.04568069192	7.5911655078	
0.0	10.162844204	-11.530743872	1.95628955392	
0.0	8.70833470197	-4.97392645815	0.188766539567	
0.0	-0.811252094997	13.6860302417	10.4954238979	
0.0	15.443147716	-1.92689627894	-3.40161391677	
0.0	-13.3128652451	-10.4807797408	9.565378282	
0.0	9.87775754134	-0.259771050629	1.94402906358	
0.0	4.2060396292	2.29304700411	-1.74829350372	
0.0	5.86640044726	7.59858281305	11.8983476236	
0.0	0.997100842989	13.3444823282	-0.215455740544	
0.0	0.401627477684	14.3938930869	0.387100425841	
0.0	-12.723784882	-4.94472968311	10.8048045026	
0.0	4.22749235459	13.0135597232	10.0926512993	
0.0	3.78523614212	12.0161601419	9.17673120837	
0.0	6.0995883301	12.0322045642	9.37358242347	
0.0	-17.9642334565	-0.563412622199	4.24236334271	
0.0	-5.61610103926	4.85960315032	8.1163974786	
0.0	-4.58764739816	3.88278065092	7.4156682188	
0.0	-2.78419763165	4.39481107174	7.1316941731	
0.0	-2.70037442699	-3.87890929703	12.0354401898	
0.0	-3.14318923773	-0.919080563911	16.2005672312	
0.0	-4.91298977067	0.54119692208	16.3449263309	
0.0	-7.89086611328	-16.4325569137	-4.40628113914	
0.0	-8.46304505483	0.518975099225	5.97187381803	
0.0	-12.7958145717	1.91359625822	9.08000231096	
0.0	-13.1688791228	3.34963447297	9.32784233512	
0.0	-4.87732889969	9.92557884476	12.5133097075	
0.0	-3.71917532475	9.65541909461	13.615211841	
0.0	-3.11518369549	8.58958176773	15.3245928017	
0.0	-9.00346182071	-0.981799682476	15.0740308192	
0.0	-8.8726007524	5.65926520727	4.12972848729	
0.0	-0.656583186455	-2.16351447732	13.5125470933	
0.0	-19.1492451975	0.53279358584	7.08840586133	
0.0	-4.42214977314	-2.79220369488	11.5675911436	
0.0	-4.908117222	-3.67231254978	8.90795799419	
0.0	-3.25188650061	-3.24181771728	10.1189548652	
0.0	-3.37064711517	-4.11929631013	5.2345766347	
0.0	-1.00914709459	-6.19047681838	6.19431501348	
0.0	-15.6597128317	0.824228621116	-4.95806718292	
0.0	5.36225635821	-7.37740850249	10.6757259424	
0.0	-16.5024099465	-0.654355225318	-1.1216531074	
0.0	5.98435728102	2.1375716138	9.04828413783	
0.0	7.33049477777	6.48571304231	-0.528541338933	
0.0	8.35442934129	8.61861373803	-0.782923672322	
0.0	0.096795427897	-1.02758488892	-3.6141482546	
0.0	-9.40768788845	-0.890655775158	-10.2406715335	
0.0	1.47655197075	8.98455309231	-4.16494967029	
0.0	-0.832822633978	7.89071461967	-9.83519602125	
0.0	0.900521077564	7.60113733356	-10.7127408325	
0.0	4.35180259331	5.94276000801	-9.25211482475	
0.0	11.299056546	1.80800283149	-8.38400008713	
0.0	10.8238694096	3.3979518676	-2.43168968897	
0.0	11.3602451026	-4.1690057452	7.74436228485	
0.0	10.9842734576	-7.50704238857	7.02197185842	
0.0	9.50945188982	-7.04981161285	5.47935707523	
0.0	9.65624750263	-0.681516035493	-4.78463664482	
0.0	13.9215453246	2.41856726212	-7.49185486174	
0.0	6.00731515022	5.12051564291	-16.3750447609	
0.0	6.78490242515	5.14218849978	-15.059678405	
0.0	10.8851680001	1.95912637254	-11.8521374254	
0.0	10.0195632177	-3.35692688799	-9.34971427957	
0.0	8.47727837761	-6.30521439184	-6.97230863988	
0.0	8.35330338015	-2.57567952031	12.7929810196	
0.0	9.87771000918	-5.35051008347	-9.09992080277	
0.0	4.46063028197	1.26965534901	-13.2442740092	
0.0	-12.1991362908	-15.3814893109	9.77736544896	
0.0	5.00157724282	2.06649215107	-16.844868212	
0.0	1.48021925998	-10.3811321457	-11.7794415271	
0.0	-0.360161369069	-8.85979681623	-4.6506497156	
0.0	-0.923996610671	-5.34893173003	-2.28316083246	
0.0	1.77393187285	-4.17540236082	-2.9035256702	
0.0	2.47300194862	-5.35189694729	-1.90653036941	
0.0	-3.82524866824	-12.7330889461	0.638765281347	
0.0	8.80562158339	-14.1614131789	14.6057444728	
0.0	-1.44092581606	-16.5856569593	0.560539629855	
0.0	-1.89246946353	-15.9222492389	1.56360541189	
0.0	-1.11944805578	-11.9719542493	4.3637577816	
0.0	-6.86681590235	11.6541035496	1.60933467768	
0.0	-6.33717441107	11.4672546633	5.48307267047	
0.0	-4.83797435343	-1.46308645215	-10.6684799393	
0.0	-1.63689494682	-1.94576920105	-12.3580735193	
0.0	-3.05319154536	-4.41281913657	-13.4805071757	
0.0	-9.1432834597	-7.89407965888	1.68110233429	
0.0	-11.297173524	-5.05096868744	-0.143348397754	
0.0	-11.3832034081	-1.61124285601	1.35662269832	
0.0	-11.3366234264	-6.20208085949	6.45239911535	
0.0	-12.3148130151	4.69630239458	5.66654239622	
0.0	-3.02574574327	-5.25415236317	6.01647636419	
0.0	14.8949602155	-8.77753983565	5.47023497608	
0.0	-5.07835444055	-0.180104046282	9.21164563842	
0.0	-11.0350207657	4.16703346919	11.341815017	
0.0	-15.0855978139	2.57451807201	0.516450542874	
0.0	-15.6828305717	0.373723490485	0.302501604543	
0.0	-8.01714508915	3.55688253458	-3.44557263333	
0.0	-2.38079744933	5.42211328163	-2.09193424286	
0.0	5.64321773852	13.352041467	8.85861789735	
0.0	2.8792412187	14.5520977664	11.6331078299	
0.0	0.522054082115	10.7075427517	8.94571091396	
0.0	3.58708897297	14.9506480694	4.87278399578	
0.0	6.92919290347	-7.45549995141	-3.31781854841	
0.0	4.09412092017	8.37630442765	-0.0721725505889	
0.0	13.3539405412	11.3770364331	-18.8063607117	
0.0	-5.86157352185	5.53417938552	-14.8715683624	
0.0	13.6583393846	11.2362282193	-7.33177879004	
0.0	7.08079593167	0.348324461534	8.01045995573	
0.0	-4.95350613278	15.6549955165	-2.47265630892	
0.0	5.56232820341	-11.9476404935	0.823191512387	
0.0	6.7688001527	-13.005451877	0.535497517245	
0.0	7.24329965191	-13.5011935516	-5.14856884885	
0.0	1.19096354934	8.05092115131	2.36127210673	
0.0	-0.895605135817	13.8724391519	5.83661199877	
0.0	6.70183298292	12.6544857702	-2.13058072816	
0.0	-1.68257987662	11.0232089323	-2.53851141824	
0.0	-0.853050862516	13.0828625774	0.9221968589	
0.0	12.4094736038	-7.96672957131	-1.69079077293	
0.0	3.2589370598	13.2806930086	5.2095733874	
0.0	8.18733439788	9.86995817017	4.34259790237	
0.0	11.7813512969	10.1810730081	1.277151086	
0.0	11.126187931	8.79092903003	8.23474151294	
0.0	7.27376593514	-1.70095481731	6.42318618697	
0.0	3.784614355	-6.5995985975	7.37045567941	
0.0	-1.03984825228	-10.6855201718	10.4646536943	
0.0	-8.31371646398	14.8480969252	-1.45494379235	
0.0	-4.59917117494	-3.54390634659	3.74363321456	
0.0	2.50818099924	-1.91137624919	5.20034897787	
0.0	2.42602143901	0.789850330317	-8.56669556974	
0.0	1.05382230974	-0.830839800455	-11.1657455237	
0.0	-6.97130077205	-11.5122554593	5.40576915996	
0.0	-4.37747710672	-9.57810150144	6.02763422569	
0.0	-0.430231387105	-2.42038419454	2.98106836581	
0.0	-1.6415460259	-4.38740711081	-6.50473088495	
0.0	-1.69966551322	-0.12831560921	-6.60702761263	
0.0	-3.00090021501	-3.03974004693	-11.5297952224	
0.0	3.69850863992	14.9219048698	-5.10132374297	
0.0	-6.42950267883	-8.63430423193	3.08472681423	
0.0	-5.25173843883	-8.03021770254	-2.15548455088	
0.0	-1.06056548212	-11.5886985871	0.823899691964	
0.0	-1.07573079652	-5.90592854162	13.9142972759	
0.0	-7.92721774302	-11.5875401863	-3.94523821271	
0.0	3.93618339151	-6.66489842634	-8.1548871224	
0.0	3.12651015042	1.60708179201	-6.79434607348	
0.0	12.4756746639	-3.48699382121	-12.8870782298	
0.0	9.61247671565	-11.4135816143	-5.92066387276	
0.0	-2.97330508429	-7.85215186914	-6.15524710831	
0.0	4.19516691189	4.24124737167	-11.8729705422	
0.0	3.5014922643	3.73689619877	-13.6785545947	
0.0	3.29601515539	1.79525288009	-14.769874863	
0.0	7.02994129501	12.1770426021	-5.37878637253	
0.0	10.4560816839	-4.28474797713	-11.1665870599	
0.0	5.49451379568	13.667112267	-7.99873856424	
0.0	8.55078728506	-8.79006790181	-7.38457993683	
0.0	4.67929535404	-5.13795730167	4.68471696214	
0.0	-4.01831087347	3.40229069027	-10.5819109279	
0.0	-5.1981711657	4.760458705	-9.96666327502	
0.0	9.79290200396	-6.30026949377	-3.70141978132	
0.0	11.6152763026	0.950948363989	-5.68071906041	
0.0	6.64805149368	0.418353060507	-6.29545696286	
0.0	5.94846611066	-1.08037480616	-4.70217398441	
0.0	6.97542528482	-8.07104093898	7.75639875707	
0.0	1.51664980054	5.03897044838	-2.16086385685	
0.0	-3.55183286435	6.3740043381	-6.73195179226	
0.0	-2.5416701752	9.75234508573	-7.13735991125	
0.0	5.60585622297	-12.7595048028	7.54469690873	
0.0	5.88282266107	10.4018748268	-13.0390211627	
0.0	-3.89292274547	10.1583608828	-5.7418569619	
0.0	3.85113666837	10.1369719297	-3.18694041269	
0.0	3.12972214791	13.1834367973	-2.28763326108	
0.0	2.16041533439	12.6808809973	-2.97802685983	
0.0	2.88683889126	5.13459921757	4.09181341737	
0.0	6.46637519362	5.2414205048	8.72315391814	
0.0	-4.10706377241	2.89820296692	-15.7894182146	
0.0	-4.5991319978	12.5460410124	-8.84962912119	
0.0	2.36004751604	-3.40415951377	13.5697906932	
0.0	-13.6224212457	1.61699342776	1.74176650426	
0.0	-9.62948500658	4.72916212523	10.843931529	
0.0	-5.94282962478	2.00222211405	9.0732150071	
0.0	-4.31268566355	-1.65882354719	7.87618603932	
0.0	-3.47222122056	-8.73659865866	8.82264778134	
0.0	-6.53849800729	3.97582752599	-0.272471542287	
0.0	-10.1203017785	4.85426640658	-0.351917305999	
0.0	-11.6556084364	5.13738622246	-0.313786495683	
0.0	-9.01837870266	2.98087913931	-0.609052836861	
0.0	-9.33902739645	-3.52981964488	12.0443696067	
0.0	-0.619119751987	9.10502611236	14.3066431762	
0.0	-0.656481193069	8.65669324701	13.8043310285	
0.0	-1.3046212624	6.85768355975	12.9199745894	
0.0	-6.34938952319	-4.01012932173	10.5686693042	
0.0	-9.41188422958	-5.04379534696	9.30434285787	
0.0	-11.9343924512	-3.4340552868	7.81051414554	
0.0	-12.4240022161	-2.36540882721	7.48625497982	
0.0	-0.701486063344	-1.76675884104	10.0564611022	
0.0	-4.39314674349	-5.46550689827	10.6993944198	
0.0	-2.94967678229	-2.98169155522	8.43597878677	
0.0	-0.648130634749	6.00864448873	8.01605739337	
0.0	-2.16162643893	5.85154619442	7.61930774758	
0.0	3.38190919165	-0.720940591242	-4.27300060429	
0.0	3.37196128997	3.39083834131	1.42808112994	
0.0	-1.29042095415	6.70071335113	-1.61221740593	
0.0	7.36373152191	5.33775736844	-9.76941381229	
0.0	10.0823798707	3.44085963786	-14.0166836906	
0.0	9.98674521236	8.87934016451	-0.240100920468	
0.0	13.722089042	0.653586461404	6.73106914582	
0.0	12.0952020809	-6.24070596907	9.26303332437	
0.0	12.2070476886	-8.21991714136	10.5393365038	
0.0	8.5345277359	-10.2888352145	4.32817921867	
0.0	14.0062100816	-2.39599820158	0.531690472752	
0.0	17.9896528877	-0.865421217902	0.589354828591	
0.0	-2.40554932357	10.0440993417	-13.416231227	
0.0	-9.2582575878	-3.69929558833	-12.2005396718	
0.0	16.961030282	3.61715336147	-1.24668436125	
0.0	10.6291889955	-5.32685603982	8.83098673074	
0.0	12.7921350845	-5.2830914654	9.96501679765	
0.0	10.9981859297	-5.06892440639	10.9216704586	
0.0	9.66597701571	5.32603787659	-6.963686563	
0.0	10.9097595916	6.39105699691	-10.6866263067	
0.0	9.4405295992	8.27156835066	-9.27953935357	
0.0	6.90569288078	8.74603142376	-7.59816448632	
0.0	15.1180880225	-10.5775738695	-7.6731824313	
0.0	14.2127014559	-6.8815488428	-4.11823059969	
0.0	-1.9019725495	-26.6327788152	-2.58863107187	
0.0	8.29728978889	-3.97537575794	3.34395297422	
0.0	10.3231936265	2.27971651267	0.408697070573	
0.0	9.04338087531	1.49197130334	-3.74530379257	
0.0	0.0114732214988	-12.1950076239	-2.1248906874	
0.0	8.3203333849	-4.21640062339	-6.7908034595	
0.0	8.33277760431	-2.6386870565	-3.80710960603	
0.0	-0.978580139403	-6.85919148485	1.04076899759	
0.0	1.99401595181	-6.38397462229	-4.11175086378	
0.0	0.146823259169	-2.54326369356	-6.69603236003	
0.0	-4.95740579974	-4.4822479158	-8.22818235673	
0.0	-1.19283226873	-1.87490136676	-10.1339516679	
0.0	-10.7186104329	9.91144856026	-2.06069065868	
0.0	-10.8176440208	-3.68073448205	-4.76064620684	
0.0	-10.925933808	5.83645629094	-4.24127932414	
0.0	-12.1090368954	4.73970338668	-2.80339622934	
0.0	-10.6557415538	-8.06171447286	-0.520173367106	
0.0	-8.29168721098	-8.8890954363	4.79056656162	
0.0	-6.18439349193	-8.24585315766	5.58666159675	
0.0	-5.62765374204	-6.00253741811	4.89719566691	
0.0	-6.5112815029	-4.26341123485	-0.448702575682	
0.0	-13.3945711532	-3.29884858538	4.84750251924	
0.0	-10.7394061394	-2.17626064659	-0.0840477158608	
0.0	-11.4538826349	-3.15089376303	1.19558650176	
0.0	-11.7141817386	-5.44135468302	4.1215368948	
0.0	-10.4699928121	-8.74013457516	1.71934105331	
0.0	-6.42566097477	-9.52951287077	6.36299236378	
0.0	20.6257503174	7.08223849455	2.75030118222	
0.0	-9.40960183004	9.82654884111	4.3976714374	
0.0	-9.59246881563	7.73744202741	0.648565394868	
0.0	-8.08503047217	5.71302296355	-1.16254054146	
0.0	-5.1665844522	3.26531477828	-2.45391776951	
0.0	5.67369348577	-3.39712808657	-15.7692043498	
