1	1	1	1	1	1	
1	1	1	1	1	1	
1	1	1	1	1	1	
1	1	1	1	1	1	
1	1	1	1	1	1	
1	1	1	1	1	1	
8235	4433	13388	12358	10370	4838	
6775	3606	12890	12306	9810	5017	
7022	4515	11805	11940	10100	6511	
8935	6727	10587	11282	10819	8865	
11367	9302	9572	10574	11295	11393	
12852	11173	8966	9915	11118	13297	
12515	11620	8497	9398	10329	13973	
10591	10540	8008	8858	9519	13199	
8310	8476	7345	8202	9222	11220	
7088	6368	6815	7432	9643	8601	
7669	5128	6708	6822	10614	6200	
9572	5240	7151	6499	11750	4713	
11592	6588	8036	6579	12529	4605	
12308	8512	8906	6944	12838	5884	
11186	10071	9594	7400	12736	8138	
8793	10573	10091	7858	12301	10689	
6521	9767	10728	8284	11721	12742	
5699	8044	11602	8833	10959	13678	
6643	6205	12614	9631	10152	13208	
8656	5137	13380	10568	9497	11467	
10292	5383	13542	11446	9377	8960	
10361	6908	13075	12040	9887	6488	
8665	9071	12240	12377	10810	4817	
6115	10917	11434	12452	11691	4447	
4189	11577	10792	12480	11845	5526	
3982	10686	10116	12485	11139	7665	
5504	8533	9265	12370	9811	10239	
7744	5974	8154	12059	8685	12433	
9193	4102	7133	11383	8381	13548	
8880	3738	6565	10481	9163	13275	
6950	5104	6581	9613	10569	11679	
4610	7697	7108	8884	11613	9249	
3287	10473	7713	8370	11687	6740	
3851	12308	8115	8004	10676	4887	
5973	12434	8352	7669	9265	4278	
8408	10782	8671	7299	8392	5098	
9680	8029	9316	7060	8678	7121	
9093	5282	10115	7164	9877	9739	
7137	3648	10826	7565	11138	12114	
5155	3757	11098	8243	11547	13538	
4516	5514	10923	8942	10560	13571	
5753	8173	10546	9604	8705	12238	
8233	10619	10269	10226	6887	9940	
10547	11853	10202	10869	6086	7422	
11391	11456	10077	11615	6636	5460	
10414	9660	9654	12391	8092	4655	
8366	7292	8816	12956	9633	5257	
6694	5392	7810	13227	10440	7084	
6586	4732	6997	13141	10385	9584	
8224	5534	6686	12840	9839	12003	
10669	7361	6792	12513	9417	13598	
12486	9354	6986	12146	9464	13854	
12593	10581	7056	11711	9853	12691	
11000	10517	7045	11133	10133	10459	
8730	9211	7226	10296	9923	7842	
7276	7292	7799	9406	9194	5654	
7543	5683	8646	8646	8325	4562	
9337	5143	9417	8092	7787	4896	
11503	5964	9781	7864	7943	6529	
12614	7818	9633	7704	8567	8955	
11856	9873	9241	7654	9310	11440	
9653	11191	8968	7657	9781	13215	
7236	11133	8979	7898	9836	13746	
6043	9624	9081	8359	9719	12857	
6676	7275	8958	9167	9692	10826	
8624	5064	8550	10034	9897	8253	
10511	3959	8020	10877	10176	5949	
10988	4484	7707	11462	10332	4624	
9611	6477	7816	11991	10192	4681	
7080	9175	8201	12485	10007	6137	
4829	11468	8531	12970	9983	8487	
4116	12415	8614	13443	10368	11021	
5277	11598	8450	13691	11032	12949	
7458	9319	8341	13519	11645	13657	
9176	6499	8587	13031	11706	12966	
9291	4263	9170	12381	11123	11062	
7634	3516	9788	11742	10288	8500	
5176	4530	10137	11199	9680	6103	
3453	6879	10041	10603	9679	4564	
3495	9584	9786	9915	10269	4371	
5244	11543	9652	9181	10942	5586	
7677	11992	9699	8433	11053	7856	
9251	10809	9785	7892	10615	10468	
9069	8535	9664	7791	9873	12645	
7327	6167	9155	7920	9570	13683	
5207	4697	8518	8182	10265	13284	
4187	4707	8134	8424	11862	11596	
4986	6113	8195	8745	13533	9160	
7261	8236	8740	9215	14399	6726	
9682	10113	9383	9906	13757	5062	
10919	10910	9799	10832	11914	4647	
10295	10304	10008	11807	9768	5641	
8382	8605	10200	12579	8473	7756	
6565	6627	10661	13028	8540	10310	
6110	5308	11252	13231	9739	12563	
7474	5266	11763	13381	11163	13781	
9924	6548	11854	13494	11809	13606	
12008	8587	11481	13577	11352	12071	
12554	10434	10850	13378	10298	9624	
11284	11227	10366	12896	9295	7061	
9045	10552	10190	12092	9168	5152	
7377	8631	10139	11249	9973	4476	
7306	6278	9952	10455	11114	5238	
8930	4517	9411	9868	11947	7193	
11257	4153	8728	9384	11826	9738	
12753	5413	8233	8905	10941	12097	
12481	7831	8132	8328	9846	13551	
10526	10409	8453	7867	9095	13674	
8016	12073	8824	7715	8962	12384	
6443	12106	9056	7955	9376	10127	
6682	10451	9155	8514	9862	7542	
8483	7761	9327	9204	10131	5469	
10553	5130	9875	9787	10108	4526	
11478	3633	10759	10296	9815	5004	
10542	3871	11641	10849	9494	6769	
8142	5740	12129	11564	9119	9257	
5669	8455	12026	12372	8689	11664	
4498	10903	11575	13109	8148	13273	
5211	12109	11015	13625	7715	13576	
7218	11607	10612	13769	7630	12476	
9123	9668	10210	13659	8215	10316	
9619	7136	9613	13405	9310	7737	
8281	5085	8671	13102	10477	5531	
5898	4346	7585	12828	11131	4378	
3872	5153	6754	12296	10939	4590	
3401	7098	6481	11540	10018	6179	
4767	9293	6697	10646	8956	8643	
7089	10775	7110	9716	8438	11205	
8851	10929	7378	9040	8603	13093	
9014	9731	7486	8597	9202	13708	
7507	7776	7676	8409	9545	12899	
5345	5968	8156	8196	9224	10917	
3974	5131	8995	8013	8263	8395	
4354	5650	9932	7967	7298	6117	
6372	7295	10539	8254	7079	4774	
8870	9301	10681	8774	7970	4792	
10398	10755	10577	9578	9674	6156	
10137	10955	10406	10378	11293	8475	
8384	9762	10437	11135	12002	11043	
6416	7661	10402	11726	11456	13056	
5622	5565	10039	12279	10162	13896	
6654	4408	9180	12835	9058	13310	
9037	4760	7959	13386	8799	11441	
11399	6531	6822	13707	9593	8873	
12388	9021	6134	13816	10753	6428	
11481	11195	5885	13505	11465	4832	
9365	12099	5903	12958	11281	4596	
7456	11315	5926	12425	10334	5742	
7009	9116	5966	11883	9345	7961	
8378	6392	6160	11392	9068	10540	
10744	4253	6892	10734	9668	12689	
12656	3600	8025	9931	10837	13762	
12900	4708	9309	9052	11735	13454	
11315	7129	10272	8354	11805	11823	
8829	9862	10726	7937	11056	9371	
6948	11799	10806	7813	9932	6858	
6756	12152	10805	7900	9306	5063	
8296	10804	10953	8090	9543	4530	
10470	8360	11119	8289	10576	5449	
11781	5847	10968	8631	11880	7489	
11288	4310	10388	9232	12823	10040	
9183	4348	9436	10014	13043	12278	
6628	5897	8494	10922	12668	13517	
5067	8225	7875	11703	11985	13376	
5335	10321	7601	12278	11275	11907	
7101	11288	7448	12657	10707	9528	
9092	10751	7176	12928	10209	6980	
9935	9002	6813	13198	9798	4998	
8931	6868	6576	13430	9541	4226	
6631	5304	6853	13443	9629	4891	
4392	5020	7749	13058	10044	6797	
3516	6120	8951	12407	10684	9359	
4494	8089	10052	11536	11113	11806	
6650	10020	10843	10780	11185	13370	
8569	11018	11357	10144	10827	13547	
9047	10602	11849	9604	10400	12341	
7762	8931	12402	9019	10379	10141	
5547	6729	12876	8388	10957	7609	
3841	4989	12951	7752	11723	5560	
3817	4518	12427	7331	12212	4591	
5557	5563	11395	7346	11681	5030	
8059	7732	10308	7676	10240	6742	
9883	10111	9442	8175	8439	9223	
10000	11669	9003	8661	7271	11691	
8434	11716	8701	9111	7416	13409	
6357	10180	8290	9569	8784	13841	
5154	7669	7773	10249	10563	12832	
5812	5220	7384	11188	11649	10697	
8006	3848	7435	12013	11369	8099	
10588	4152	7972	12674	9844	5861	
12022	6000	8841	12981	7981	4635	
11596	8653	9615	13012	6925	4846	
9676	11020	10113	12827	7213	6369	
7584	12143	10458	12655	8560	8796	
6739	11565	10857	12481	10144	11316	
7781	9547	11559	12166	10974	13226	
10054	6942	12353	11520	10732	13916	
12262	4824	12844	10685	9744	13203	
13021	4064	12754	9703	8795	11255	
11884	4919	12137	8880	8534	8695	
9577	7003	11258	8327	8939	6315	
7500	9395	10469	7898	9666	4835	
6928	11079	9840	7578	9999	4725	
8179	11369	9275	7255	9591	6005	
10302	10186	8475	6998	8615	8286	
11907	8083	7501	7026	7632	10810	
11874	6012	6654	7420	7191	12814	
10083	4894	6295	8087	7516	13669	
7565	5195	6568	8881	8341	13101	
5728	6759	7267	9604	9230	11281	
5601	8871	8016	10164	9864	8766	
7128	10549	8531	10708	10263	6302	
9150	11044	8827	11232	10522	4637	
10266	10102	9205	11868	10797	4276	
9579	8137	9826	12521	11057	5351	
7442	6023	10585	12816	11079	7516	
5005	4729	11103	12800	10575	10125	
3740	4864	11111	12424	9872	12365	
4330	6424	10720	11933	9099	13535	
6327	8736	10134	11441	8799	13282	
8389	10822	9698	10913	9085	11707	
9178	11747	9471	10304	9773	9294	
8136	11063	9276	9530	10349	6821	
5916	9020	8706	8646	10579	5026	
3917	6459	7839	7822	10407	4462	
3402	4455	6880	7185	10166	5305	
4758	3870	6241	6889	10290	7312	
7225	4987	6117	6807	10784	9858	
9327	7354	6357	6820	11494	12215	
9838	10003	6691	6861	11831	13584	
8559	11824	6924	7041	11541	13599	
6418	12055	7107	7404	10749	12222	
4887	10617	7506	8054	10038	9882	
5035	8108	8308	8914	10017	7310	
6963	5589	9318	9782	10896	5323	
9598	4089	10164	10481	12225	4529	
11434	4223	10549	11034	13190	5160	
11494	5891	10383	11394	13093	7015	
9896	8368	9954	11745	11861	9549	
7737	10580	9639	12068	10209	11980	
6572	11612	9531	12213	9016	13605	
7193	11066	9444	12078	8874	13876	
9314	9224	9111	11591	9839	12779	
11698	6917	8502	10906	11081	10569	
12893	5163	7824	10183	11759	7997	
12222	4697	7423	9548	11353	5839	
10146	5701	7502	8943	10336	4750	
7985	7686	7882	8322	9477	5078	
7101	9758	8200	7574	9523	6714	
8018	10979	8247	6839	10655	9152	
10110	10832	8164	6246	12206	11600	
11970	9359	8200	5974	13296	13317	
12345	7239	8605	6113	13170	13751	
10897	5419	9341	6436	11790	12781	
8433	4723	10111	6855	9850	10686	
6368	5488	10488	7217	8250	8079	
5882	7397	10504	7661	7667	5763	
7143	9634	10398	8255	8029	4438	
9205	11212	10371	9056	8971	4493	
10625	11419	10548	9949	9760	5942	
10321	10115	10705	10721	10138	8317	
8336	7834	10495	11201	10036	10910	
5792	5520	9920	11388	9772	12877	
4117	4189	9186	11468	9610	13641	
4241	4414	8699	11493	9552	12955	
6026	6148	8671	11458	9496	11071	
8177	8684	9058	11273	9352	8538	
9336	10965	9435	10780	9188	6181	
8646	12022	9655	9953	9227	4691	
6503	11417	9709	8985	9411	4508	
4234	9376	9813	8133	9742	5741	
3221	6758	10174	7424	9855	7963	
4112	4652	10795	7011	9532	10526	
6385	3929	11286	6582	8947	12648	
8660	4890	11356	6163	8287	13632	
9600	7107	10997	5704	8068	13214	
8683	9628	10461	5499	8522	11472	
6592	11397	10087	5620	9357	8972	
4767	11690	10057	6113	9900	6505	
4465	10404	10137	6808	9754	4837	
6021	8122	10022	7482	8718	4461	
8576	5854	9623	8073	7530	5520	
10677	4557	9039	8606	6893	7659	
11174	4773	8651	9220	7450	10273	
9890	6379	8679	9952	9094	12536	
7825	8642	8988	10712	11041	13797	
6397	10555	9333	11254	12277	13651	
6662	11278	9402	11390	12224	12175	
8575	10498	9334	11199	11053	9812	
11020	8579	9349	10819	9574	7281	
12572	6389	9762	10419	8646	5372	
12353	4905	10457	10056	8718	4691	
10520	4805	11139	9598	9536	5451	
8323	6140	11410	8956	10262	7407	
7185	8334	11146	8080	10291	9935	
7807	10411	10595	7117	9541	12236	
9834	11438	10055	6360	8651	13629	
11918	10944	9684	5813	8367	13647	
12719	9112	9337	5538	9033	12309	
11644	6722	8806	5467	10584	9999	
9295	4807	7916	5403	12106	7414	
7002	4218	6970	5432	12846	5326	
6145	5238	6384	5622	12509	4408	
7132	7445	6342	6129	11428	4888	
9171	9920	6761	6886	10349	6674	
10896	11605	7348	7760	9958	9200	
11023	11781	7738	8533	10316	11679	
9351	10360	7958	9134	11084	13323	
6739	7935	8210	9597	11720	13645	
4693	5507	8784	10004	11749	12555	
4335	4114	9608	10524	11319	10392	
5771	4314	10390	10895	10738	7821	
7954	6037	10798	11049	10444	5645	
9431	8531	10710	10810	10533	4497	
9164	10761	10374	10280	10822	4749	
7239	11791	10089	9564	11015	6308	
4792	11213	9948	8913	10940	8714	
3341	9287	9780	8293	10661	11222	
3711	6855	9303	7730	10442	13070	
5698	4950	8389	6986	10482	13657	
8026	4362	7176	6236	10748	12792	
9275	5328	6158	5537	11007	10756	
8739	7402	5596	5066	11120	8187	
6810	9671	5560	4963	11107	5870	
4791	11140	5737	5064	11130	4530	
4080	11204	5927	5316	11460	4589	
5218	9837	6109	5616	11870	6004	
7601	7662	6591	5982	11947	8381	
9882	5640	7526	6483	11421	10951	
10765	4672	8866	7233	10064	12977	
9814	5182	10237	8125	8388	13845	
7818	6937	11244	9016	7161	13295	
6205	9172	11662	9671	7089	11477	
6100	10899	11683	10105	8292	8969	
7788	11327	11638	10256	10074	6549	
10284	10268	11652	10441	11470	4966	
12160	8157	11642	10542	11727	4729	
12350	5909	11248	10517	10785	5890	
10813	4519	10395	10238	9356	8117	
8599	4621	9248	9614	8386	10667	
7192	6180	8205	8799	8505	12775	
7482	8567	7523	7970	9636	13789	
9376	10743	7244	7238	10854	13405	
11671	11771	7063	6706	11297	11707	
12913	11184	6799	6170	10436	9222	
12295	9211	6464	5594	8747	6722	
10132	6678	6377	5036	7172	4932	
7699	4662	6848	4605	6601	4432	
6467	4027	7909	4569	7357	5333	
7057	5049	9246	4924	8865	7412	
9019	7307	10460	5466	10253	10021	
11003	9836	11332	6116	10694	12314	
11616	11578	11979	6674	10024	13624	
10326	11791	12562	7203	8846	13511	
7797	10392	13209	7792	7864	12050	
5478	7990	13695	8546	7649	9681	
4667	5609	13701	9354	8229	7143	
5664	4261	13030	10093	9164	5220	
7758	4514	11870	10481	9950	4461	
9467	6214	10594	10535	10310	5125	
9596	8628	9621	10377	10330	6989	
7959	10708	9003	10151	10298	9487	
5493	11568	8506	9927	10324	11869	
3688	10854	7908	9585	10321	13369	
3568	8910	7279	9032	10114	13512	
5191	6595	6820	8191	9567	12265	
7497	4921	6855	7221	8973	9993	
9000	4611	7453	6334	8532	7425	
8785	5782	8336	5761	8561	5327	
7012	7906	9097	5434	9042	4388	
4869	10038	9619	5247	9673	4870	
3783	11243	10020	5025	10113	6639	
4532	10998	10595	4867	10239	9149	
6754	9401	11389	4858	10232	11646	
9142	7160	12259	5104	10508	13391	
10338	5250	12845	5792	11188	13844	
9716	4526	12816	6632	12072	12885	
7808	5308	12224	7489	12699	10797	
5958	7278	11429	8167	12551	8208	
5520	9586	10705	8692	11581	5950	
6871	11234	10126	9244	10290	4736	
9398	11482	9499	9753	9341	4927	
11599	10215	8564	10343	9290	6452	
12258	7945	7465	10700	10054	8834	
11061	5647	6501	10741	11127	11348	
8863	4306	6057	10434	11762	13189	
7158	4507	6259	9872	11564	13828	
7069	6187	6823	9240	10771	13006	
8750	8644	7437	8763	10029	11039	
11173	10836	7802	8220	10060	8486	
12853	11827	8081	7629	10880	6115	
12750	11200	8483	6816	11970	4665	
10918	9208	9157	5980	12567	4597	
8445	6694	9947	5278	12178	5893	
6864	4722	10511	4936	10971	8210	
7069	4122	10560	4911	9743	10802	
8812	5142	10218	5062	9348	12863	
10930	7352	9777	5307	10103	13757	
11966	9785	9528	5569	11549	13212	
11127	11426	9489	5952	12815	11407	
8843	11579	9382	6578	12958	8879	
6372	10194	8965	7395	11847	6440	
5146	7880	8170	8296	10020	4820	
5756	5642	7332	9137	8385	4474	
7657	4446	6800	9703	7740	5533	
9519	4784	6724	10064	8205	7658	
9995	6497	6962	10325	9306	10214	
8676	8833	7167	10627	10263	12402	
6241	10749	7230	10848	10596	13539	
4185	11430	7251	10787	10304	13247	
3641	10570	7564	10403	9790	11626	
4906	8565	8253	9745	9628	9180	
7117	6296	9151	8916	9868	6680	
8828	4782	9871	8144	10420	4869	
8918	4681	10094	7523	10801	4338	
7325	6052	9919	6993	10687	5241	
5068	8287	9497	6399	10224	7307	
3614	10398	9267	5816	9457	9894	
3934	11460	9271	5285	8770	12235	
5907	10981	9249	5042	8207	13638	
8390	9156	9041	5110	7840	13683	
9929	6781	8539	5443	7548	12342	
9668	4885	8031	5921	7533	10030	
7898	4300	7869	6453	7901	7468	
5857	5304	8144	6962	8776	5476	
4966	7482	8704	7587	9836	4667	
5962	9900	9112	8381	10738	5277	
8358	11525	9202	9250	10754	7134	
10825	11645	9128	10100	9936	9642	
11953	10202	9157	10680	8663	12041	
11200	7800	9503	10922	7626	13564	
9124	5458	10110	10954	7603	13762	
7217	4156	10648	10888	8567	12584	
6722	4460	10801	10776	10104	10359	
8072	6227	10588	10628	11253	7784	
10489	8721	10288	10225	11227	5618	
12507	10884	10165	9549	10187	4561	
12929	11813	10241	8677	8729	4880	
11514	11119	10275	7796	7851	6560	
9148	9112	10032	7061	8042	9048	
7319	6657	9418	6608	9174	11559	
7124	4795	8702	6237	10401	13323	
8647	4302	8356	5938	10877	13808	
10796	5370	8473	5619	10277	12853	
12166	7520	8973	5446	9113	10761	
11796	9813	9513	5581	8227	8163	
9772	11272	9842	6088	8405	5894	
7246	11276	10006	6854	9735	4594	
5720	9848	10286	7662	11607	4660	
5943	7629	10818	8357	13002	6072	
7680	5593	11502	8888	13270	8386	
9646	4630	11972	9456	12415	10924	
10420	5149	11979	10128	11102	12833	
9417	6916	11471	10831	10094	13542	
7075	9150	10808	11413	9771	12841	
4749	10861	10315	11692	10072	10883	
3787	11283	10106	11602	10484	8329	
4716	10222	9975	11242	10600	5952	
6818	8144	9631	10761	10281	4489	
8726	5943	9021	10323	9893	4382	
9165	4605	8290	9836	9868	5681	
7783	4741	7886	9276	10449	7971	
5493	6299	7885	8504	11365	10599	
3630	8644	8223	7612	12193	12714	
3439	10747	8549	6814	12501	13741	
5083	11687	8658	6338	12252	13344	
7596	11035	8638	6152	11649	11654	
9451	9039	8834	6180	11122	9189	
9603	6536	9372	6266	10873	6718	
8049	4591	10239	6381	10794	5006	
5889	4057	11031	6532	10732	4625	
4606	5171	11378	7000	10630	5658	
5121	7476	11218	7749	10474	7790	
7285	10017	10751	8741	10491	10359	
9875	11701	10363	9639	10767	12578	
11424	11821	10040	10376	11111	13743	
11127	10330	9680	10849	11148	13547	
9315	7859	9031	11246	10691	12023	
7295	5457	8047	11613	9729	9649	
6456	4135	6972	11914	8811	7140	
7419	4439	6286	12141	8448	5247	
9712	6213	6149	11988	8938	4585	
11968	8688	6483	11536	10107	5382	
12843	10793	6887	10831	11125	7356	
11847	11654	7177	10085	11488	9941	
9676	10922	7313	9436	10863	12300	
7714	8949	7558	8893	9782	13716	
7184	6610	8185	8348	9006	13755	
8428	4930	9067	7648	9069	12427	
10610	4609	9870	6997	9960	10087	
12279	5767	10314	6478	11000	7517	
12309	7873	10304	6306	11257	5466	
10584	9983	10096	6466	10197	4534	
8086	11159	9959	6854	8242	5012	
6267	10899	10011	7353	6329	6742	
6145	9320	10001	7807	5590	9205	
7684	7122	9669	8304	6412	11620	
9770	5297	8821	9022	8405	13237	
10878	4655	7767	9827	10467	13532	
10221	5491	6862	10717	11521	12392	
8027	7468	6401	11465	11265	10185	
5491	9710	6356	11971	10049	7575	
4094	11250	6446	12193	8768	5395	
4594	11371	6497	12299	8253	4285	
6530	10001	6560	12370	8571	4604	
8611	7705	6904	12304	9349	6233	
9413	5451	7738	12086	10005	8694	
8375	4217	8965	11558	9983	11221	
6081	4556	10176	10764	9391	13066	
3909	6357	11056	9899	8675	13694	
3208	8872	11374	9104	8311	12866	
4418	11050	11329	8527	8501	10865	
6795	11971	11309	8067	9017	8325	
8902	11233	11372	7680	9537	6010	
9457	9135	11382	7282	9776	4645	
8216	6544	11037	6950	9795	4684	
6067	4550	10270	6861	9772	6112	
4428	3974	9263	7074	9814	8452	
4488	5049	8419	7638	9955	11016	
6307	7307	7979	8345	10038	12975	
8894	9811	7881	9049	9949	13767	
10740	11495	7859	9665	9883	13134	
10872	11674	7682	10292	10022	11318	
9356	10299	7421	10942	10588	8811	
7326	7984	7369	11775	11524	6425	
6169	5733	7863	12488	12320	4877	
6804	4505	8847	12928	12448	4655	
8922	4799	10005	13014	11734	5858	
11347	6457	10978	12814	10371	8108	
12611	8726	11597	12504	9072	10740	
12025	10598	11983	12175	8558	12900	
10046	11252	12400	11818	9032	13959	
7961	10420	12879	11356	10135	13575	
7162	8490	13209	10652	11190	11883	
8147	6328	13033	9767	11589	9405	
10310	4926	12209	8854	11286	6926	
12289	4913	10990	8173	10777	5158	
12747	6310	9818	7822	10718	4631	
11360	8493	8934	7677	11409	5514	
8892	10487	8454	7595	12471	7525	
6809	11394	8093	7525	13268	10039	
6311	10777	7646	7602	13106	12274	
7611	8876	7170	7855	11832	13536	
9732	6492	6942	8480	10194	13382	
11237	4679	7246	9380	8974	11887	
11016	4244	8033	10285	8884	9470	
9054	5404	9004	11035	9811	6915	
6422	7712	9815	11603	11103	5001	
4629	10191	10270	12064	11839	4291	
4627	11791	10569	12482	11516	5014	
6282	11819	10991	13027	10513	6949	
8454	10237	11651	13403	9442	9491	
9604	7691	12295	13550	9095	11895	
8971	5247	12563	13265	9705	13397	
6829	3904	12269	12653	10760	13584	
4465	4236	11456	11982	11534	12356	
3277	6088	10515	11318	11480	10111	
3997	8693	9722	10812	10610	7526	
6135	10951	9108	10193	9495	5404	
8322	11945	8394	9550	8891	4431	
9252	11289	7492	8748	9129	4882	
8350	9287	6443	8111	9987	6654	
6275	6814	5647	7670	10809	9142	
4414	4906	5427	7633	11108	11588	
4034	4348	5863	7866	10617	13271	
5475	5335	6662	8167	9607	13665	
7971	7400	7424	8482	8501	12645	
10040	9623	8022	8872	7780	10545	
10540	11032	8487	9409	7483	7995	
9304	11044	9048	10165	7614	5783	
7275	9697	9844	11174	7971	4608	
5867	7610	10650	12067	8508	4822	
6159	5729	11139	12717	9199	6404	
8093	4906	11056	13072	10018	8872	
10605	5489	10528	13280	10707	11422	
12234	7232	9941	13341	10920	13333	
12066	9331	9530	13441	10470	13969	
10330	10850	9351	13391	9553	13161	
8161	11079	9065	13118	8616	11182	
7032	9879	8443	12548	8170	8626	
7695	7758	7539	11717	8476	6272	
9814	5632	6650	10839	9186	4834	
12045	4454	6131	10140	9777	4751	
13013	4782	6142	9623	9562	6040	
12042	6534	6432	9072	8623	8301	
9726	8988	6736	8615	7531	10820	
7447	11109	6874	8070	7106	12834	
6535	11973	7100	7784	7813	13714	
7477	11167	7588	7770	9516	13144	
9584	8988	8511	8131	11394	11300	
11384	6329	9624	8716	12291	8767	
11666	4294	10510	9340	11841	6319	
10065	3743	10836	9934	10258	4696	
7482	4920	10711	10499	8606	4417	
5354	7346	10430	11129	7897	5543	
4872	10014	10255	11917	8609	7719	
6176	11831	10233	12654	10222	10293	
8282	12048	10143	13294	11878	12489	
9737	10598	9714	13646	12555	13626	
9508	8112	9032	13683	11997	13359	
7613	5648	8380	13509	10673	11780	
5135	4223	8059	13321	9505	9333	
3602	4395	8227	13033	9129	6814	
3829	6049	8646	12608	9552	4986	
5674	8428	8913	11999	10377	4417	
7874	10488	8887	11137	10955	5312	
9085	11370	8763	10166	10874	7331	
8490	10738	8779	9421	10446	9879	
6531	8915	9228	8872	10053	12187	
4460	6753	9853	8534	10288	13499	
3688	5219	10425	8344	11082	13473	
4757	4989	10616	8117	12081	12071	
7106	6141	10515	7998	12783	9760	
9355	8134	10395	8058	12854	7242	
10225	10045	10462	8434	12384	5273	
9258	11002	10712	9114	11694	4491	
7249	10547	10933	10012	11065	5145	
5565	8863	10723	10780	10671	7041	
5464	6692	10143	11457	10384	9629	
7154	5012	9486	11982	9978	12095	
9736	4599	9106	12508	9607	13659	
11749	5692	9210	13154	9434	13886	
12040	7863	9556	13637	9700	12680	
10579	10186	9879	13877	10352	10451	
8368	11666	9967	13807	11153	7873	
6919	11617	9953	13377	11635	5724	
7215	10024	10058	12790	11588	4663	
9147	7492	10462	12267	11026	4987	
11563	5094	10981	11755	10451	6621	
12996	3803	11317	11225	10254	9038	
12542	4201	11148	10521	10479	11505	
10501	6136	10584	9623	10879	13226	
8111	8831	9928	8768	10901	13681	
6850	11183	9503	8169	10323	12698	
7399	12240	9380	7906	9339	10580	
9349	11571	9356	7953	8558	8004	
11370	9468	9113	8098	8491	5733	
12097	6811	8618	8306	9268	4498	
10943	4688	8122	8484	10444	4633	
8499	3955	7933	8867	11068	6142	
6176	4874	8205	9548	10588	8507	
5288	7007	8681	10424	9163	11059	
6231	9434	9047	11371	7454	12998	
8220	11137	9164	12125	6536	13715	
9885	11418	9117	12582	6998	13018	
9998	10212	9233	12905	8588	11087	
8370	8117	9715	13133	10474	8534	
5881	6062	10404	13378	11538	6139	
4010	4952	10933	13538	11246	4643	
3825	5262	11049	13504	10078	4493	
5365	6799	10651	13002	8733	5761	
7568	8857	10044	12229	8166	8017	
9014	10460	9544	11364	8580	10589	
8737	10879	9177	10593	9475	12661	
6875	9905	8723	9961	10187	13610	
4643	7972	8030	9449	9890	13151	
3454	5953	7041	8893	8795	11440	
4121	4800	6093	8285	7472	9003	
6289	5072	5569	7773	6724	6582	
8682	6704	5670	7473	6965	4917	
9897	9018	6189	7598	8127	4547	
9280	11007	6834	7944	9614	5619	
7335	11757	7315	8440	10791	7790	
5401	10893	7686	8975	11277	10419	
4834	8720	8155	9444	11167	12688	
6167	6114	8965	10058	10740	13894	
8708	4179	9941	10826	10346	13680	
11001	3757	10745	11632	9943	12121	
11807	5054	11085	12444	9661	9714	
10728	7579	10922	12979	9358	7194	
8589	10297	10550	13148	9267	5326	
6868	12104	10295	13090	9438	4646	
6749	12249	10168	12950	10057	5393	
8404	10682	9980	12758	10752	7325	
10863	8049	9433	12503	11160	9848	
12700	5433	8427	12054	11025	12164	
12766	3893	7262	11373	10357	13566	
11092	4030	6359	10440	9623	13592	
8749	5734	5937	9548	9378	12222	
7201	8261	5928	8800	9871	9887	
7390	10544	6084	8332	10878	7302	
9124	11645	6194	7912	11816	5258	
11271	11180	6385	7603	12058	4399	
12359	9391	6950	7296	11560	4961	
11631	7128	8022	7185	10680	6771	
9404	5375	9439	7382	10211	9268	
6994	4863	10853	7885	10623	11729	
5766	5761	11791	8585	11769	13333	
6362	7612	12215	9325	12954	13642	
8245	9545	12248	10004	13342	12546	
10076	10676	12290	10566	12529	10338	
10529	10489	12342	11119	10794	7742	
9165	9086	12267	11738	9177	5536	
6704	7118	11740	12433	8408	4391	
4566	5497	10772	12867	8779	4681	
3950	4997	9590	13027	9998	6303	
5163	5896	8561	12830	11209	8742	
7316	7826	8034	12394	11618	11217	
9005	9955	7822	11907	11258	13010	
9072	11334	7653	11449	10607	13547	
7417	11287	7353	10883	10371	12679	
5038	9772	7011	10217	10853	10685	
3415	7359	7008	9361	11781	8176	
3565	5068	7503	8429	12435	5898	
5484	3873	8548	7689	12247	4590	
7950	4336	9748	7230	11038	4671	
9534	6319	10744	7066	9438	6133	
9320	9058	11399	7068	8171	8542	
7545	11425	11916	7072	7955	11140	
5418	12451	12493	7094	8629	13170	
4413	11692	13131	7283	9752	13989	
5284	9434	13528	7772	10475	13351	
7618	6602	13413	8591	10504	11496	
10114	4330	12612	9557	9863	8970	
11350	3545	11418	10374	9137	6555	
10712	4522	10231	10995	8685	4999	
8783	6843	9342	11367	8783	4768	
6876	9523	8768	11720	9132	5922	
6378	11460	8269	12093	9474	8107	
7686	11886	7633	12362	9569	10660	
10110	10699	7003	12464	9514	12768	
12211	8465	6664	12212	9433	13804	
12725	6172	6900	11618	9493	13399	
11450	4797	7594	10807	9625	11676	
9228	4885	8455	10088	9623	9200	
7469	6316	9144	9494	9416	6699	
7340	8385	9514	8923	9012	4971	
8866	10146	9808	8304	8711	4526	
11088	10799	10247	7487	8684	5491	
12532	10085	10957	6791	8958	7586	
12211	8348	11616	6298	9107	10127	
10224	6433	11923	6190	8895	12384	
7754	5235	11687	6427	8173	13637	
6231	5352	11021	6845	7349	13509	
6491	6751	10274	7270	7149	12012	
8234	8835	9710	7662	7987	9592	
10242	10655	9227	8113	9772	6999	
11068	11342	8634	8745	11719	5032	
10057	10532	7751	9584	12854	4285	
7671	8499	6743	10495	12540	4972	
5244	6071	5969	11159	10945	6907	
4177	4314	5756	11586	8960	9431	
4983	4014	6154	11707	7681	11790	
7062	5369	6856	11681	7786	13256	
8988	7867	7479	11593	9056	13381	
9439	10513	7868	11569	10553	12138	
8079	12216	8198	11268	11293	9897	
5660	12244	8696	10696	10903	7360	
3672	10559	9451	9813	9687	5313	
3292	7834	10152	8879	8668	4387	
4789	5153	10530	8008	8573	4881	
7209	3594	10359	7403	9627	6688	
9062	3766	9831	6989	11287	9232	
9258	5585	9319	6594	12533	11737	
7742	8281	9044	6210	12764	13452	
5574	10752	8979	5821	11914	13841	
4195	12027	8838	5769	10696	12804	
4580	11634	8375	5962	9861	10669	
6639	9808	7657	6558	9850	8119	
9187	7360	7034	7265	10584	5906	
10761	5317	6753	7914	11521	4729	
10533	4518	6938	8500	12123	4932	
8802	5219	7329	9115	12115	6469	
6837	7031	7631	9782	11637	8864	
6009	9119	7758	10523	11048	11390	
7009	10542	7895	11136	10685	13259	
9308	10689	8318	11469	10462	13874	
11607	9551	9122	11516	10226	13057	
12556	7697	10089	11230	9931	11061	
11644	5997	10750	10862	9766	8496	
9564	5284	10899	10450	9893	6162	
7628	5897	10607	10074	10421	4781	
7196	7580	10206	9506	11271	4781	
8507	9556	9968	8758	11980	6119	
10785	10898	9895	7820	12255	8431	
12567	10933	9748	6942	11954	10968	
12702	9568	9297	6296	11344	12993	
11022	7337	8650	5887	10822	13858	
8535	5194	8109	5678	10677	13281	
6699	4121	8013	5613	10738	11454	
6560	4638	8400	5537	10715	8908	
8125	6627	8969	5641	10103	6411	
10270	9304	9410	5944	9069	4742	
11493	11569	9515	6579	8081	4413	
10926	12457	9512	7409	7730	5500	
8728	11551	9683	8255	8312	7664	
6154	9177	10173	8949	9656	10205	
4624	6266	10813	9465	10921	12366	
4959	3999	11264	9905	11416	13428	
6822	3286	11273	10433	10911	13122	
8884	4419	10985	10884	9676	11519	
9737	6924	10682	11152	8620	9116	
8741	9788	10621	11120	8400	6639	
6428	11851	10720	10719	9086	4853	
4169	12312	10692	10106	10154	4321	
3311	11046	10306	9418	10716	5241	
4349	8636	9582	8802	10301	7337	
6570	6102	8837	8264	9045	9947	
8605	4494	8483	7597	7779	12304	
9152	4413	8583	6867	7299	13650	
7935	5805	8979	6029	7946	13611	
5778	7980	9319	5358	9272	12195	
4110	9967	9444	5081	10417	9853	
4079	10906	9521	5116	10519	7314	
5778	10449	9833	5326	9484	5346	
8280	8883	10453	5607	7951	4544	
10132	6970	11138	5884	6850	5150	
10267	5632	11551	6219	6871	7020	
8771	5482	11451	6803	8013	9529	
6746	6583	10917	7628	9695	11956	
5606	8418	10273	8604	11052	13515	
6258	10109	9858	9473	11577	13736	
8445	10847	9689	10027	11205	12531	
10903	10219	9522	10283	10427	10303	
12262	8447	9118	10411	9748	7733	
11751	6284	8467	10496	9401	5629	
9805	4699	7836	10545	9325	4638	
7754	4447	7576	10474	9310	5096	
6951	5724	7736	10106	9153	6793	
7990	8075	8107	9401	9036	9250	
10257	10550	8361	8548	9005	11727	
12378	12106	8370	7663	9225	13442	
13014	12044	8299	7006	9673	13899	
11734	10310	8438	6493	10033	12920	
9347	7575	8976	6038	10244	10792	
7240	4904	9751	5481	10422	8172	
6684	3392	10350	4923	10761	5854	
7944	3656	10523	4629	11341	4552	
10130	5612	10276	4710	12117	4654	
11728	8476	9820	5116	12578	6122	
11625	11107	9533	5786	12333	8481	
9763	12460	9329	6438	11348	10988	
7156	12037	9019	6966	9994	12870	
5294	10038	8405	7477	9024	13551	
5157	7325	7433	8147	9081	12832	
6699	5013	6519	8889	10164	10937	
8807	4012	6027	9702	11708	8410	
9965	4654	6104	10334	12758	6040	
9366	6593	6579	10620	12686	4584	
7239	8931	7073	10595	11497	4478	
4825	10670	7396	10313	10011	5789	
3568	11093	7638	10050	9072	8083	
4147	10114	8066	9757	9302	10695	
6134	8250	8813	9349	10467	12798	
8245	6390	9701	8720	11763	13739	
9086	5402	10395	7818	12368	13263	
8146	5722	10622	6882	12035	11498	
6024	7169	10417	6094	11044	9026	
4089	9031	10067	5560	10314	6585	
3649	10405	9922	5271	10339	4918	
5022	10603	9903	5144	11145	4531	
7464	9477	9831	4958	12110	5562	
9532	7495	9403	4829	12406	7683	
10035	5550	8555	4937	11637	10270	
8776	4559	7608	5327	10122	12512	
6690	5054	6922	6087	8526	13707	
5253	6920	6711	6942	7779	13482	
5496	9413	6870	7704	8015	11935	
7439	11481	7049	8397	8979	9511	
10047	12207	7142	8907	9977	7006	
11795	11197	7314	9474	10507	5174	
11749	8804	7789	10009	10372	4602	
10060	5967	8809	10505	9978	5431	
7896	3822	10116	10724	9857	7442	
6735	3274	11291	10565	10099	9980	
7409	4570	12026	10150	10542	12320	
9566	7205	12217	9597	10762	13722	
11918	10132	12151	9027	10468	13752	
13040	12195	12056	8532	9662	12407	
12282	12587	12007	7962	8700	10043	
10073	11183	11810	7240	8036	7435	
7824	8600	11209	6379	7878	5362	
6891	5871	10187	5558	8164	4442	
7804	4110	9055	5039	8551	4986	
9882	3950	8202	4867	8792	6794	
11747	5371	7851	4920	8964	9273	
12147	7720	7831	5124	9136	11666	
10655	9964	7855	5325	9348	13235	
8146	11200	7748	5600	9519	13497	
6041	10980	7566	6080	9532	12375	
5506	9497	7710	6785	9113	10209	
6742	7487	8368	7731	8407	7656	
8781	5872	9450	8607	8005	5497	
10206	5367	10569	9298	8206	4413	
9952	6144	11402	9755	9235	4733	
8042	7792	11916	10061	10550	6404	
5559	9504	12256	10373	11497	8896	
3945	10433	12637	10632	11455	11425	
4095	10118	13059	10768	10388	13234	
5850	8663	13260	10554	8842	13757	
8008	6725	12903	10057	7764	12852	
9123	5219	11896	9217	7783	10799	
8476	4898	10546	8390	8842	8232	
6428	6001	9311	7742	10201	5948	
4248	8134	8412	7162	10866	4622	
3350	10410	7835	6685	10445	4661	
4346	11820	7354	6053	9210	6065	
6676	11693	6822	5427	8217	8403	
8943	9969	6333	4967	8246	10971	
9832	7297	6229	4824	9662	12970	
8861	4742	6731	5028	11802	13764	
6770	3364	7656	5538	13576	13152	
5001	3780	8728	6051	14071	11277	
4784	5865	9512	6637	12981	8765	
6424	8829	9948	7077	11034	6406	
9027	11483	10287	7703	9318	4907	
11157	12779	10770	8536	8575	4756	
11568	12203	11367	9440	8999	5986	
10245	9997	11967	10296	10118	8208	
8070	7064	12048	10741	11101	10762	
6590	4585	11590	10886	11511	12883	
6849	3518	10727	10809	11268	13908	
8748	4230	9835	10654	10838	13507	
11233	6369	9170	10490	10640	11787	
12801	8977	8549	10284	10794	9276	
12520	10986	7853	9828	11135	6726	
10659	11608	6868	9117	11468	4934	
8381	10682	5859	8164	11519	4468	
7125	8709	5128	7304	11367	5415	
7685	6609	5009	6643	11244	7481	
9641	5323	5573	6196	11230	10039	
11679	5362	6386	5899	11319	12260	
12467	6621	7127	5626	11271	13472	
11391	8453	7716	5391	11020	13321	
9045	9957	8257	5307	10601	11834	
6781	10402	9012	5561	10385	9465	
5900	9578	9956	6168	10465	6942	
6820	7870	10796	6947	10791	5031	
8803	6092	11189	7760	11061	4324	
10455	5118	11023	8391	10801	5080	
10574	5470	10470	8970	9943	7052	
8918	7076	9924	9565	8773	9634	
6373	9277	9577	10223	8017	12034	
4405	11115	9414	10884	8154	13493	
4149	11716	9104	11372	9226	13571	
5612	10736	8473	11534	10745	12280	
7817	8488	7633	11340	11842	9992	
9239	5851	6904	10900	11947	7429	
8928	3914	6604	10395	11081	5373	
7010	3511	6744	9892	9896	4435	
4628	4883	7083	9425	9105	4902	
3265	7533	7337	8771	9092	6649	
3777	10423	7409	7980	9611	9139	
5862	12410	7597	7128	9951	11630	
8264	12695	8161	6433	9560	13328	
9541	11157	9107	6061	8457	13730	
8964	8403	10176	5955	7172	12699	
6975	5539	10952	6001	6623	10570	
4961	3676	11208	6071	7209	8009	
4300	3521	11056	6203	8744	5830	
5490	5085	10828	6564	10405	4729	
7974	7674	10741	7105	11214	4987	
10315	10210	10761	7956	10831	6588	
11204	11688	10606	8881	9565	9013	
10263	11577	10094	9723	8318	11535	
8197	10034	9362	10325	7816	13376	
6513	7790	8771	10800	8375	14005	
6378	5842	8584	11196	9509	13175	
8000	5001	8868	11551	10373	11162	
10480	5551	9313	11803	10496	8570	
12358	7149	9531	11879	9829	6185	
12547	9001	9491	11548	8851	4734	
11000	10222	9331	10978	8290	4693	
8780	10243	9437	10299	8447	6021	
7299	9076	9857	9607	9126	8305	
7555	7300	10401	9057	9862	10825	
9340	5781	10736	8486	10132	12792	
11529	5298	10712	7806	9908	13622	
12696	6142	10448	7075	9392	13043	
12028	8002	10230	6483	8997	11223	
9861	10062	10289	6096	9024	8726	
7473	11362	10570	6126	9436	6299	
6262	11238	10698	6451	10071	4692	
6869	9628	10422	6878	10691	4417	
8792	7132	9827	7325	11224	5571	
10680	4771	9253	7754	11734	7776	
11216	3575	8978	8333	12125	10371	
9831	4123	9182	9092	12250	12545	
7335	6267	9538	9989	11860	13633	
5037	9198	9778	10887	10874	13290	
4330	11738	9780	11573	9612	11620	
5436	12870	9723	11894	8603	9159	
7594	12091	9894	12055	8395	6658	
9305	9715	10366	12091	9226	4861	
9391	6664	10904	12116	10699	4315	
7728	4162	11102	12056	11921	5188	
5253	3172	10781	11718	12342	7227	
3467	4042	10123	11100	11801	9816	
3459	6391	9380	10212	10807	12160	
5197	9219	8918	9314	10226	13515	
7600	11398	8753	8621	10545	13487	
9175	12094	8595	8094	11666	12088	
9005	11132	8200	7740	12849	9755	
7236	9003	7653	7342	13211	7241	
