-1.0	5.32357767012	10.1787501277	-8.90722652911	
-1.0	6.34855761615	10.5014731667	-8.76484560858	
-1.0	6.13743379123	11.5608294995	-8.79997268533	
-1.0	4.26116602043	-0.374357556343	-14.3227076171	
-1.0	5.28985532533	11.0920522866	-8.31478292686	
-1.0	5.49740868859	11.0641966594	-9.55251242068	
0.0	-8.50432915428	-7.78317426855	-0.383784056074	
0.0	-9.46784637828	-7.89652683695	-0.0073451652298	
0.0	-7.43311148819	-8.44075083519	-1.70155295788	
0.0	0.2615572613	-10.6271528196	-1.0149932879	
0.0	6.00095624158	-10.5028831932	-4.88324232426	
0.0	6.80012798154	-9.57411469066	-5.06491956812	
0.0	8.02531744753	-9.58601892299	-4.6645145936	
0.0	6.56312313991	-12.7526302573	-1.31494840703	
0.0	5.89797144638	-12.9815029253	-0.105839480855	
0.0	4.74333414961	-13.0890791042	0.760972308832	
0.0	3.60448625062	-9.96395563026	1.84177718074	
0.0	1.80192540404	-9.16820097782	2.31644082393	
0.0	-0.659751955505	-8.88767856262	2.12183821005	
0.0	-1.86715705161	-10.5006056472	-12.3846030996	
0.0	-1.9799001488	-11.8111442367	-10.9140399649	
0.0	-3.10720215641	-12.2423215099	-9.30255887309	
0.0	-5.20640050629	-14.7424204753	-7.30182712728	
0.0	-5.71739063928	-11.1172890483	-4.74574167508	
0.0	-5.49139985124	-7.5422151044	4.91389963167	
0.0	-3.37331417789	-5.72830387206	5.81888352204	
0.0	-2.68400642626	-4.56502105961	6.16221373888	
0.0	-2.39572166544	-2.20618631746	5.72412808642	
0.0	-11.2125191285	-10.2472244953	-1.80508524023	
0.0	5.88673572142	6.99815211425	3.32028011501	
0.0	5.34678186224	6.01163338902	3.66708967735	
0.0	4.62790650841	5.63961215982	6.45163368478	
0.0	1.82498541622	5.64877147785	8.90421948508	
0.0	-0.622381544559	6.16376298667	8.12697383185	
0.0	-1.35339083833	5.70220504785	7.43824074785	
0.0	-5.94193333537	2.41988349026	3.57905824955	
0.0	-9.28598508653	6.30512145618	-0.662982862791	
0.0	-10.3145811461	7.5848150489	0.0722391052357	
0.0	-7.7450899454	10.2281501499	0.638055247839	
0.0	-5.29105051776	9.84386312401	-2.42916566772	
0.0	-5.08451373353	7.10081450615	-1.39255055644	
0.0	-4.83336630144	5.72082388572	-0.620071097321	
0.0	4.12297462788	-13.2597052791	-7.04075238229	
0.0	-7.13180156022	0.766664761217	3.42036267351	
0.0	9.60558735762	3.86290495488	5.03405804592	
0.0	10.7184707617	3.7427479567	3.85604115357	
0.0	2.92904140509	-3.87605718205	11.8411442691	
0.0	1.77849869916	10.827781624	4.01624624146	
0.0	2.00311622883	11.034649467	5.04193664585	
0.0	6.36265629197	-2.49272510196	9.49398605948	
0.0	8.8647662377	-0.944236412653	8.90671659275	
0.0	8.78641900308	0.383500904029	7.22628731534	
0.0	-10.6092428678	0.280310201265	-6.04667644732	
0.0	-8.52792279647	0.0372122794975	-7.40782384187	
0.0	0.245237885703	-1.87063503627	-9.64020108025	
0.0	-1.4050524423	-2.34582413143	-8.41297859753	
0.0	-2.69754027025	-1.98870698142	-8.47394686062	
0.0	-6.30558553832	-1.45321266083	-6.91842848918	
0.0	-8.95183866937	-3.18196959049	-5.93597812322	
0.0	-9.94851462834	-2.89058826271	-6.85071598643	
0.0	11.5008615189	1.40332120854	-7.89873210356	
0.0	11.3583177785	1.24141573278	-6.32663349738	
0.0	8.09830849313	-1.62448732482	-5.909851164	
0.0	7.99844494975	-0.691534100246	-5.47795517823	
0.0	9.13610262314	-1.34978839179	-4.90841151636	
0.0	10.911432367	-2.21128729553	-1.25393273389	
0.0	11.7481163526	-2.0988230422	0.452605500116	
0.0	8.20636589219	-2.89667291511	2.98340946497	
0.0	6.76387697362	-2.58073860914	2.70101897287	
0.0	-0.408406175506	-2.93136952291	-1.87379319743	
0.0	-1.06986080298	-3.85735408173	-3.2303128692	
0.0	-1.18750397881	-3.55472295368	-5.52974217476	
0.0	-8.3580437114	-6.30423579723	-9.47664802217	
0.0	-7.55120435688	-5.64575164143	-8.53096027593	
0.0	-9.51973802572	-2.35624873276	-0.523790910069	
0.0	-8.24405141932	-3.50480382043	0.267711671913	
0.0	-4.6997806186	-4.88212410177	1.36790647894	
0.0	-1.14912659002	-3.62444710337	3.23553524599	
0.0	0.0513795637979	-3.30510871263	2.93885784491	
0.0	6.09241624144	-4.80328895773	-5.7825987538	
0.0	6.86316387982	12.4672297162	0.765843718656	
0.0	-7.97070436595	17.6055958607	-14.9310880703	
0.0	8.19376433438	12.9202576944	1.37329837584	
0.0	0.389373383172	4.09097242402	10.8873853867	
0.0	-1.20797151715	3.95213709219	10.7468064043	
0.0	-2.31243640129	4.21757893095	9.88190438874	
0.0	-0.240971012672	6.77280057152	-6.51556216596	
0.0	-8.79036655875	5.37945443964	5.1588558906	
0.0	-12.0016446146	7.89742503208	2.94729839662	
0.0	-11.5397263183	8.0843420888	1.58015696286	
0.0	-10.7189446871	8.78222645694	1.28381680342	
0.0	-7.78830929573	9.46422271649	1.25505730551	
0.0	-6.87232755317	8.13935666557	4.71608356732	
0.0	-6.98337206841	7.09568620324	5.367296548	
0.0	-3.47374048636	2.75571074366	9.05977808541	
0.0	-2.57255000254	1.5225657112	8.11432359472	
0.0	0.315913159874	3.61812417958	3.75109945492	
0.0	5.92502816306	6.554689233	5.71835673053	
0.0	5.33262297123	8.03425528816	6.92658242242	
0.0	4.47269960398	9.51487201062	8.71697930638	
0.0	3.57573857739	8.8990722881	10.0524582743	
0.0	3.44634700507	6.42753170924	11.2492365947	
0.0	-1.76378024527	-3.01077508997	7.7279427388	
0.0	-13.8548292787	3.02287863076	-3.12892763245	
0.0	-10.3765999903	-3.82001823921	4.35404835326	
0.0	-5.89663879051	-10.413664375	-7.48146811632	
0.0	-6.11071499845	-10.4481989519	-10.1994387778	
0.0	-5.74093248771	-10.2627069194	-11.4366754621	
0.0	-5.46119670333	-9.32735482555	-11.2665556785	
0.0	-3.08969844108	-7.26509972589	-10.6148696314	
0.0	-6.91419437298	-11.842976115	-1.37228070241	
0.0	3.12014516129	-14.4671356142	3.84719463012	
0.0	4.16379769562	-13.8516995843	2.82844403696	
0.0	-4.63851949242	-10.8149254604	4.78456567916	
0.0	7.56022423023	-9.68224736288	-1.95411088194	
0.0	9.58135010012	-9.71024930524	-2.68654530836	
0.0	10.9043300178	-10.0539314557	-3.56570520344	
0.0	11.5110398278	-8.69685473456	-4.26094514349	
0.0	15.0696322576	-5.67903970439	-2.79914570294	
0.0	2.86916457345	-13.848291889	2.92650357473	
0.0	-1.36859424872	-13.0902442063	3.41108936415	
0.0	-3.40604640999	-13.1478291455	2.64733973341	
0.0	-3.17007787386	1.94677896839	-7.38630866163	
0.0	-2.64396989496	0.559973370749	-7.36147064261	
0.0	-1.65563391778	-2.5252585539	-10.7226922719	
0.0	-3.32182868527	-1.77118833756	-12.506126894	
0.0	-4.83358677204	-0.764540689856	-11.8910975002	
0.0	-0.222299404968	2.33215031709	-10.3515653235	
0.0	-0.659906010674	-15.8885633797	4.46700932136	
0.0	6.63590375769	-8.58025238539	8.2968966762	
0.0	6.10891913593	-7.74237155798	7.83994397123	
0.0	7.98011099745	-7.17693860648	6.25316777552	
0.0	12.0803155964	-4.31773659726	5.26015011336	
0.0	13.1854751418	3.10147884689	-0.211005307876	
0.0	13.5930291316	4.00007478137	0.553138157656	
0.0	12.7415569692	6.27227261667	1.74285546432	
0.0	0.492569967577	10.8716030294	-4.51279501474	
0.0	-2.92517573981	1.96800692698	-0.907631684643	
0.0	-4.91456215955	1.52790357108	-1.30955096631	
0.0	-9.78270237842	0.704253976804	8.78213616464	
0.0	-9.49570849449	1.11291992018	-1.10621643742	
0.0	-10.7732790707	10.5790262075	-5.16101242481	
0.0	-9.26290740157	10.8774222472	-5.27851897192	
0.0	-3.64653857895	11.4730171371	-3.44529340483	
0.0	-4.54021496723	12.2125643478	-2.1038208591	
0.0	-0.661223531613	13.3062047562	2.52737327389	
0.0	4.48868150447	-0.858665238098	12.0006562714	
0.0	5.72554070942	-0.198417313608	11.0720775485	
0.0	7.68550996252	0.337467583283	9.44904454323	
0.0	7.53932823506	1.64609286609	10.4758664998	
0.0	6.63164148864	12.2784700045	2.81104259109	
0.0	5.3217856484	14.0953323702	3.44082892441	
0.0	2.91061462967	14.2164140482	2.10477197987	
0.0	1.68771442867	12.8799376574	1.06666249133	
0.0	-4.16841901091	-1.35083966858	1.62767285982	
0.0	-8.07549028047	-2.66989684746	1.62527494762	
0.0	-10.1348289578	-4.23925798031	1.59934818409	
0.0	-9.26257358796	-4.05999993351	1.92285953996	
0.0	-7.72910948298	-2.68898700377	-1.41999055165	
0.0	-2.47261423401	-6.5590759401	-7.08280006263	
0.0	-1.25147244479	-4.83167898347	-6.68848992829	
0.0	-8.63829533013	13.4958401933	-3.1976353416	
0.0	2.47972911038	-8.29157536605	-5.67181468499	
0.0	4.14662336738	0.920307761235	-1.36699965047	
0.0	4.26620103583	-0.846496378734	0.941144825171	
0.0	4.25780712384	-3.65937027807	2.05135102397	
0.0	3.58388237881	-5.15768474382	1.52374090232	
0.0	3.03992988334	-4.34973827815	-1.39048038446	
0.0	3.24051428942	-4.04542237033	-2.88000872781	
0.0	3.32284468948	-7.45427960514	-6.81387897347	
0.0	3.18701802735	-8.95527271562	-8.40202086707	
0.0	2.6807806523	-9.95817520123	-8.67336323263	
0.0	-7.35686421844	-8.17733197988	-3.10748482947	
0.0	-5.56110391462	-7.11046184598	-2.01077971194	
0.0	-3.59630097404	-7.31682604208	-0.7667387387	
0.0	-3.01430517992	-8.33592666642	-1.1818354418	
0.0	-3.29962304506	-8.83578885327	-3.24949859416	
0.0	-1.27655734897	-11.8116017547	-9.37621892165	
0.0	-0.294208524476	-11.3145845164	-8.13881734463	
0.0	0.778149197404	-10.1677335199	-7.68238133714	
0.0	2.30673934189	-9.72969578417	-2.61667308009	
0.0	4.57213417268	4.02761732232	10.5549191269	
0.0	4.58576056469	3.96972274848	11.9297621033	
0.0	2.70793828657	3.7605507976	11.2800863034	
0.0	3.59509675071	3.1136628423	7.43985663609	
0.0	5.11922015183	4.56693853315	1.96865257272	
0.0	5.78000156594	5.36246870501	1.0745194692	
0.0	-1.6628787226	6.57847485279	2.22991269473	
0.0	-2.98993670678	8.7121895253	1.18292731328	
0.0	-4.17870007043	6.63079094252	0.849850280025	
0.0	-5.09215290302	5.7031038201	0.711173675426	
0.0	-7.10766209951	4.32201445055	4.91517760753	
0.0	-7.45452818069	3.9091866073	-1.52730430424	
0.0	-8.94897399885	4.47382340558	-2.46142084199	
0.0	-9.34842727724	5.8653903417	-2.55832099491	
0.0	-2.43350454732	8.33526049425	-0.634124692186	
0.0	-1.15455521977	8.1744518027	-0.238679351246	
0.0	1.06714835841	6.4032239875	1.47455192556	
0.0	3.8259707026	14.1391030856	-3.74887269568	
0.0	9.17153044857	7.3785653953	-0.487289810862	
0.0	9.77682593829	7.69367178489	0.057351378244	
0.0	9.78686435313	7.22183943861	1.15596685436	
0.0	10.5251255846	6.60363061776	2.97958506511	
0.0	1.03464786541	6.98091017048	-1.40684091819	
0.0	0.919019320549	6.14235078935	-2.48052136656	
0.0	0.157695889698	5.75977698724	-3.00761894371	
0.0	-3.11314397789	4.67675640121	-4.74214973339	
0.0	-6.21461620858	3.03166273377	-4.50504940383	
0.0	-12.1172777406	-2.72543211811	-2.69115051273	
0.0	-11.0786307043	-3.93766704103	-3.14855997481	
0.0	-5.7500605157	1.60045284409	-5.35631203078	
0.0	0.164768451983	-0.10666304713	-7.73297410037	
0.0	1.21733730392	-0.683724120918	-7.87352693201	
0.0	3.49198509071	-2.31617328851	-7.70325414197	
0.0	11.9630882367	-3.98681030038	-4.38494177496	
0.0	13.8739578507	-5.12154570522	0.761113550577	
0.0	12.0368070525	-4.90935304871	1.79725729357	
0.0	10.1329106992	-4.84785111636	-6.30769293397	
0.0	9.31120924292	-7.02472133323	1.82567655494	
0.0	7.76756339584	-6.16076046908	-1.86548604669	
0.0	5.59726197121	-2.07784045925	-5.32378624229	
0.0	3.0878331129	-4.16223808457	-8.80516485776	
0.0	-8.28763903773	-4.46283852132	-10.5412332662	
0.0	-8.30535360167	-5.84684472396	-6.81749293876	
0.0	-7.9645025528	-6.10891223308	-5.15932803536	
0.0	-6.31878063215	-6.19777537928	-3.12212845119	
0.0	-3.9867591683	-7.87722009505	0.357283767568	
0.0	-2.29550335771	-7.09535503471	-0.539364106732	
0.0	2.07145454283	16.4403490765	-9.59979545982	
0.0	-0.153188228883	-8.93979923073	-5.38372225914	
0.0	1.21633640663	-8.90226675581	-8.07403802941	
0.0	4.94411560433	-8.50190620662	-7.80586058892	
0.0	6.12633032858	-0.0124326631593	-0.313300991221	
0.0	4.16658946072	-4.38179818323	0.580369659866	
0.0	3.65598895063	-4.48909734547	5.88530330254	
0.0	3.8787692027	-4.12390664304	6.76897531782	
0.0	4.80483476638	-1.33130846716	6.71784484985	
0.0	5.89569263977	1.53445542293	3.15128778062	
0.0	6.60925158744	8.418166539	-3.77508155368	
0.0	5.95245951827	8.49051992061	-4.4067579383	
0.0	-11.0672425944	11.1422717569	4.31078092267	
0.0	-8.36880024348	11.2895121052	5.63727595996	
0.0	-10.2009913333	6.24972852964	9.59378696112	
0.0	-10.6077290921	5.48654798715	8.80174616177	
0.0	-11.931022911	4.68098002647	7.95023102823	
0.0	-12.3740323818	5.00527662314	6.1571824579	
0.0	-12.6088699968	6.3619343469	5.2460306569	
0.0	3.14986329341	14.3781025158	0.0608092248477	
0.0	3.8633537776	15.0608320397	1.644358967	
0.0	3.55210954676	12.7540896375	7.20263474882	
0.0	-0.248862705742	2.97841473511	12.6356603603	
0.0	-0.52501137171	2.00253272987	10.8681635576	
0.0	7.34862395705	2.26047260071	13.5814716292	
0.0	1.59251546383	1.3951016581	1.7961669459	
0.0	0.665989533439	-1.5275307351	9.12702494473	
0.0	2.10645992577	13.3992701325	-1.07709214553	
0.0	-4.42432061996	12.7598443538	-0.319041071684	
0.0	-5.33868526942	12.8983181118	0.877714648118	
0.0	-8.18974133963	10.9571971731	2.68314848	
0.0	-10.1587448681	3.88837491461	2.32304934415	
0.0	-12.0236169289	-5.15252162488	-0.447809414051	
0.0	-10.8145981989	-3.93834706086	-0.466737467933	
0.0	-5.00599294111	-5.43084244796	0.62656952555	
0.0	-2.30103644624	-2.94555641802	1.96050062599	
0.0	3.44498900436	-2.37197478058	-6.17501990376	
0.0	5.15935968765	-3.35068329916	-7.58120512798	
0.0	9.69455725979	-5.84557508808	-3.80313746126	
0.0	12.6733827477	-5.83606072988	-1.66741215329	
0.0	13.4084884095	-4.92294444708	1.7916729649	
0.0	9.83573257391	-6.04224301381	3.73098387404	
0.0	7.12572923588	-7.67150064877	3.32428509179	
0.0	7.04029348075	-9.63235785619	2.98823574378	
0.0	-7.02746417018	0.924316481294	12.7308947911	
0.0	-2.38736871794	-4.88508310395	11.2486489714	
0.0	-3.3084109368	-3.31109541726	-12.8121507554	
0.0	-4.4575005978	-3.23483353903	-12.4429469445	
0.0	8.95031286056	-7.64567581421	-11.0628637058	
0.0	-6.42465886063	-12.0249335553	-2.47955596325	
0.0	-2.98282104769	-10.7662467215	8.18916355748	
0.0	-6.77067305967	-14.2218018121	0.293650186662	
0.0	-3.53088415489	-14.3536750401	1.90517144723	
0.0	0.723830391979	-15.9005283635	2.92554101491	
0.0	13.6366215444	-6.54010695997	-5.27138866709	
0.0	13.0421880736	-7.50693487397	-5.27254930787	
0.0	12.8741004506	-7.56778998646	-3.92755923868	
0.0	11.4624457156	-6.85723719069	-1.03560285015	
0.0	10.0576328368	-8.01842954264	2.60023411202	
0.0	9.33270763856	-9.90880496848	4.36268483871	
0.0	7.40312957065	-8.36871170501	7.454791893	
0.0	8.6473777426	-9.77371434441	8.81177062773	
0.0	-8.7085456338	3.41528942296	-4.41453219931	
0.0	-9.18085664331	5.36411731248	-5.15941452365	
0.0	-7.07241076788	6.32942070506	-6.31041607116	
0.0	-5.56575259375	6.80877452435	-5.78606636816	
0.0	-4.65835748268	6.70984464661	-4.59154746707	
0.0	-5.92630946833	5.8818577477	1.90627064704	
0.0	-6.63158367942	3.95958909007	3.2178700586	
0.0	-6.60322483243	1.46953275323	4.68783455562	
0.0	-2.21429544648	8.08926436425	11.7565833281	
0.0	10.3656462449	-13.8959723708	3.36729687827	
0.0	3.99847510515	8.76616102685	4.40919669287	
0.0	3.35217406566	9.73094232608	6.87094036706	
0.0	2.52312331891	9.30287803887	7.37627413047	
0.0	1.64539007305	7.31604990038	7.25871282468	
0.0	0.204546445718	3.14058097907	5.81876999406	
0.0	-4.7403131651	-0.204329356122	6.95127607526	
0.0	-5.679999235	0.553764281919	6.44666177705	
0.0	-9.45853124361	3.87464966981	5.08788194707	
0.0	-8.31669774504	12.1834627686	4.39977273699	
0.0	-7.20394451067	12.2170074258	3.41608939643	
0.0	-8.55106330413	12.2729699921	2.88734963885	
0.0	-9.44371766359	11.0934675974	3.19336524814	
0.0	-11.719174819	4.18031077902	2.12676102367	
0.0	-7.45190630364	-3.8563866247	1.24580916159	
0.0	-6.25835588337	-4.39532206098	2.142577487	
0.0	-0.780167596639	-6.00545296425	2.93953855766	
0.0	3.25632798038	-6.26871063293	-1.3995096017	
0.0	3.88660302305	-5.70420392736	-2.39710622772	
0.0	6.07605827964	-3.60892456804	-3.76337390813	
0.0	8.99839266881	0.88079038191	-1.36218012705	
0.0	5.96074652077	0.232006510813	1.59634616631	
0.0	4.40802636386	1.1665443165	0.119113716687	
0.0	3.31822700818	-0.497648774848	0.294448369148	
0.0	1.8208027084	-2.2395306208	0.800956268207	
0.0	-1.27390822494	-6.37598438017	-2.16635084004	
0.0	-0.809437356343	-6.38000872097	-3.94658571384	
0.0	-5.78623282444	-7.75070506966	-7.71631487556	
0.0	-6.64513370637	-7.98639732055	-7.35306179399	
0.0	-5.79612467832	-7.96847143549	-6.66103553571	
0.0	-5.22799137726	-7.28687134084	-5.51084783048	
0.0	-1.10376124193	-4.01970220335	-1.94681405225	
0.0	-0.505318947769	-4.27974431861	-0.916184915942	
0.0	0.535640612271	-4.08550209774	-0.649678680872	
0.0	-0.843435156974	-8.55437470546	6.54856423749	
0.0	7.57864493267	0.364067665866	-0.370341769151	
0.0	9.76100796459	2.20552184808	-2.22987962995	
0.0	10.56300442	1.21543963783	-0.615330507749	
0.0	8.99201583794	-0.613729391957	-1.1048703523	
0.0	6.14952516895	-4.6788468176	-0.734240403776	
0.0	0.885017747544	-4.40345113829	2.19445784204	
0.0	-0.113349918649	-5.03390982855	2.37677495252	
0.0	-5.53107308381	-2.61912990414	0.897182745086	
0.0	-9.05322642733	-0.0282300769143	-5.06487410701	
0.0	-9.00209589336	9.1365766338	-7.34714091307	
0.0	-8.45409705607	8.70758463863	-3.38341692246	
0.0	-6.50562974621	8.49502270508	-4.22296534066	
0.0	-5.62191381641	9.01201869784	-3.53355352996	
0.0	-3.43521225081	3.23057476531	-1.640670038	
0.0	-5.77947144263	2.07657890707	1.04843651108	
0.0	11.8601988117	2.00676529191	8.86003863582	
0.0	10.9433015785	2.77187808258	9.08380659645	
0.0	11.6127104195	3.76437152486	4.47647884762	
0.0	4.09855267872	9.50610487193	3.09527005728	
0.0	2.48944773454	9.23487741483	3.30581006386	
0.0	1.94660767172	8.70913890247	2.62593840659	
0.0	2.01983188962	7.09775699576	0.508407639364	
0.0	-6.2399361571	3.17806869585	9.42427435862	
0.0	-5.68921868937	0.332579983558	2.30104044632	
0.0	-8.87624651514	1.61848253718	1.86745468743	
0.0	-7.55554816902	5.025399535	-1.68142820253	
0.0	-5.84357139859	6.96646413081	-3.99816234558	
0.0	-4.71270225106	7.92982882593	-6.13799415619	
0.0	-5.45116541744	7.97940653988	-6.82481094161	
0.0	-7.47966416711	6.55195047333	-4.52126870255	
0.0	-9.82799082216	3.54747337086	-3.41808826992	
0.0	-11.4926010029	-2.56936053287	3.50248540005	
0.0	10.3825017832	-9.29546489181	8.35104629099	
0.0	9.11958720012	-8.02916164641	7.1221087313	
0.0	10.2412994705	-11.0259956245	1.74375619205	
0.0	11.2094322379	-9.87883415804	-0.253113886296	
0.0	10.9290758889	-9.71046209245	-1.39885749207	
0.0	10.7117618796	-6.65526148169	-3.36021471669	
0.0	12.1413285984	-5.45878371257	-3.24945117943	
0.0	1.51872011359	-14.9422674046	1.47804180963	
0.0	0.811259694643	-12.61529846	1.6734077416	
0.0	-1.76502714027	-12.6526224778	0.690566389607	
0.0	-2.84449575234	-11.5763155495	0.00746397400504	
0.0	-2.45168327331	-10.9378480663	-1.44211090328	
0.0	-3.73419067028	-8.73396726954	-10.4187829971	
0.0	-3.08049609691	-10.05710462	-9.30618860109	
0.0	-3.090234289	-10.3708589518	-8.47324870623	
0.0	-1.49591223412	-9.48623162039	-9.41529609803	
0.0	0.732441545527	-11.3443165926	-0.512006972927	
0.0	2.20858837297	-8.20346518632	1.7568654863	
0.0	2.85062126309	-8.44113264501	2.49113685036	
0.0	4.31312037172	-9.32954034619	0.926063695891	
0.0	6.75419334812	-11.9631315234	-0.800362454054	
0.0	11.1346158624	-10.0018960376	-7.18203907342	
0.0	10.9921491918	-9.46369652232	-7.91845034313	
0.0	10.5699719774	-10.2290894674	-8.14028532141	
0.0	3.74421738236	-9.54023768211	-3.60778160283	
0.0	-0.552430173894	-7.45846169964	2.64302413457	
0.0	-3.05949903332	-6.38654111203	2.83706482001	
0.0	-4.76877678778	-5.92903725512	2.70536029719	
0.0	-7.97278496935	-5.10493052979	1.31928871563	
0.0	-11.4729691653	3.30124045431	1.57825103673	
0.0	-10.2856032525	11.3191579871	2.29171566474	
0.0	-7.40721987111	13.1241713971	2.39145245379	
0.0	-5.87894258043	13.20444162	2.50777090047	
0.0	-0.369375204067	14.4207516159	1.5846824461	
0.0	-2.13919595843	4.24458268185	11.0893832386	
0.0	-1.35636606304	0.879263412274	9.40308520707	
0.0	8.39371418855	1.84407918595	13.8292939118	
0.0	8.35789616494	2.47691742357	12.597110458	
0.0	7.82203557246	12.4839473366	3.53298879992	
0.0	5.37756600853	13.6844068598	1.77047013125	
0.0	4.50169908726	15.5275611936	2.85929542503	
0.0	3.49980419266	14.3875838674	0.934451733479	
0.0	-10.8142189259	6.42831904379	4.939164503	
0.0	-10.6425638397	2.22759111564	5.75445852663	
0.0	-11.1112189741	1.14801730479	4.79433395996	
0.0	6.48939438837	-13.1297766949	6.05083270532	
0.0	-6.54463716033	1.06310362615	-1.17650782478	
0.0	-5.89002404343	10.5767265879	-3.73896159694	
0.0	-6.28872286445	12.0335129551	-3.76268476856	
0.0	-2.68848457324	13.6859151176	-1.62590490079	
0.0	2.75935968217	12.0641881326	-2.37659064441	
0.0	-2.78255411527	-0.176575258209	2.20883055437	
0.0	8.69377009161	0.947157401988	7.59796281892	
0.0	7.23628436245	-1.76264681125	9.03132470646	
0.0	4.8623908247	-3.47905168842	8.46224549148	
0.0	5.7532109111	-6.02678512716	0.227116756024	
0.0	6.86450063601	-4.17895504765	-2.90458210018	
0.0	10.7989774044	-0.611279168	-3.85350393203	
0.0	1.92800561618	-2.08276106433	14.717839784	
0.0	-8.56426771532	-0.942562322937	-9.06064474514	
0.0	-8.72944666903	-1.23700704788	-7.74804796075	
0.0	-5.51522609554	-1.99270595705	-5.22087673706	
0.0	-4.92507795347	-2.82362426962	-4.93607819206	
0.0	-5.14443128505	-2.57441154323	-4.00441004375	
0.0	-5.16700300236	-2.52749332585	-7.38175399338	
0.0	-6.07611929106	-1.09862315665	-10.3423957119	
0.0	-6.93621307774	-1.29112933065	-11.5632189584	
0.0	-7.53097382988	-2.17826901216	-12.2767013491	
0.0	12.4923284061	-2.84910505946	-4.73247529932	
0.0	8.25618390848	-4.08410763637	-1.74827026912	
0.0	8.53819319689	-6.01856401072	0.256931733855	
0.0	9.39876151035	-5.67866569716	0.607254794651	
0.0	9.80241268312	-5.49830192017	2.13752216466	
0.0	12.562771426	-4.14003248072	0.551684148981	
0.0	13.7927871516	-4.95957365094	-1.65048214058	
0.0	12.5547167175	-2.99766341761	-4.2082499218	
0.0	3.42684095906	-1.57660422123	-8.49159272352	
0.0	1.45888199251	0.124352984642	-8.68258500073	
0.0	-3.91407028678	0.324705462201	-5.83231735374	
0.0	-5.66185835662	0.526866366517	-5.32511153464	
0.0	-10.6369829441	-4.37873107486	-1.87040112056	
0.0	-11.2761028134	-5.26664503149	-1.59734069005	
0.0	-10.9489977405	4.42926395646	-2.37805852625	
0.0	-7.90687676348	7.39626134606	-2.32274769738	
0.0	-2.15643583195	9.43235202447	1.29687344908	
0.0	-1.72933042273	9.59869407007	2.5346789936	
0.0	3.00832004257	6.57937031377	8.01086438258	
0.0	2.01785607024	4.97480489057	8.36125095536	
0.0	2.55847261441	3.98871936541	5.54150501909	
0.0	2.7752346081	4.31502964902	4.30677752605	
0.0	-1.00119975747	8.02360821991	5.50016617231	
0.0	1.87406155846	7.81169672751	6.0495395706	
0.0	-3.19088391885	10.1323762073	2.68887205114	
0.0	-4.58838346448	10.1778371545	2.39743662358	
0.0	-7.44026878358	8.22653304808	2.70197621149	
0.0	-3.68782189707	3.83544450346	4.87291871595	
0.0	-4.65488878952	4.55102523502	5.83693752274	
0.0	-4.25490751636	4.33085763397	6.22260827238	
0.0	-4.18335093048	4.96024432921	4.67867032045	
0.0	-4.91533554133	8.57264363059	4.22781541729	
0.0	-4.60852475538	10.394429233	4.09747379207	
0.0	-3.97716651661	11.3224397336	4.6356487403	
0.0	8.07614863197	7.73878011489	6.69425633504	
0.0	0.957728032764	2.19968500043	4.04657713791	
0.0	2.72161342501	1.59206454645	5.28694707021	
0.0	6.11479675234	3.70529858378	6.44550026552	
0.0	3.73858699596	4.22078489052	11.9899436384	
0.0	5.30405476002	6.66809822613	9.40267344517	
0.0	4.77483381903	-9.1696179721	-3.06485688444	
0.0	3.02175703553	-10.8109847285	-3.79115127782	
0.0	-3.33630365456	-14.4365033445	-1.66015432267	
0.0	-1.17063598836	-12.0694308584	-7.86843762552	
0.0	-5.12472666589	-10.0287568977	-4.8732439943	
0.0	-4.10606429273	-8.98036627159	-1.91905310659	
0.0	-2.75783785211	-8.44656973712	0.105086656515	
0.0	-1.99058267515	-8.98536916433	3.65951624297	
0.0	-3.13957282508	-6.8015727101	-2.25437261629	
0.0	0.133925793524	-9.13461886389	-4.11903172922	
0.0	1.13495618505	-10.7875314522	-9.00980881053	
0.0	8.94831405019	-9.53249361999	-8.06812335031	
0.0	6.12947191267	0.584172632287	-2.57903153581	
0.0	7.3069041445	-2.74987591681	-0.1387925926	
0.0	7.27484336122	-5.57508261488	0.976879177151	
0.0	7.21047002314	-4.72537889215	1.93738439095	
0.0	7.64233488449	-3.5701526144	1.72234764201	
0.0	8.90774395454	2.62963896064	-4.55546651048	
0.0	9.80256799709	1.88839666851	-4.39244588248	
0.0	11.9636390844	-1.88236062077	-6.55163263981	
0.0	0.652389491343	-1.86979873535	-9.65229239027	
0.0	-1.3331370157	-1.30012890473	-7.22267888122	
0.0	-2.09738067849	-1.06176008345	-5.73363735713	
0.0	-3.41107319954	-1.82675841922	-4.13402893387	
0.0	-7.36441531488	-2.3909755018	-3.73456963006	
0.0	-9.45388448884	-1.16903678997	-4.52414192513	
0.0	-9.34688562221	0.0101258645127	-6.36118612824	
0.0	0.688024047029	12.4626903408	-3.08564591377	
0.0	1.1511865152	11.129409287	1.26443157033	
0.0	1.5690164202	12.1101366914	2.66253718196	
0.0	2.75809623266	12.326980606	4.90612401899	
0.0	6.51040855947	-1.39531142645	10.0378555657	
0.0	9.57239090713	0.368557723389	9.16797230364	
0.0	10.2078300246	1.43319599317	9.14542214799	
0.0	10.8930910425	2.30910156718	8.09246796563	
0.0	0.338397581138	9.60587448344	-4.00365565623	
0.0	-4.35371873378	12.8278694183	-3.64682534963	
0.0	-4.95792097625	11.9293058994	-3.92908468274	
0.0	-3.52043604014	11.2749590574	-4.80336059016	
0.0	-11.4412601556	10.0122357449	-6.00774914606	
0.0	-11.9591337	-0.0551767168345	-1.00972814637	
0.0	-11.5313797903	0.810227374218	-0.188885272395	
0.0	-11.1257853499	0.214074458892	1.39436969656	
0.0	-3.87816284087	2.68796915517	-0.347843323748	
0.0	-0.0806356595327	12.9113629967	1.34382083837	
0.0	2.34025068478	11.2116454084	1.81503662665	
0.0	3.18480198202	10.809691597	1.14304153498	
0.0	11.61426989	4.58304472181	1.11386008904	
0.0	9.14464512889	-2.52989524465	6.48343482596	
0.0	5.80428791746	-1.73068827539	7.88368287989	
0.0	4.55851749772	-2.55016729164	8.66974505443	
0.0	0.94673842528	-3.31121755735	4.35302533692	
0.0	-0.506131873482	-2.24618769183	2.63429935973	
0.0	2.78056322602	-1.41339253206	-7.04139501665	
0.0	-0.788543156579	-9.97725939265	-7.45507385226	
0.0	-2.18079615382	-10.6984648357	-7.03518309514	
0.0	-2.32663460618	-11.7355594423	-7.268500812	
0.0	-6.57010594162	-9.17752271017	-4.07590728862	
0.0	-4.6400154656	-7.81338279063	-1.26784369413	
0.0	-2.66835365086	-7.12747347795	1.10543343576	
0.0	0.749988577478	-8.13279628417	1.46804058842	
0.0	2.97775933137	-11.6096978362	-0.427313201405	
0.0	3.57380332066	1.22509892643	-12.2992678131	
0.0	10.6172147549	-9.26314192928	-7.3074646236	
0.0	9.89222311132	-9.64580720692	-6.17586831722	
0.0	7.74986366864	-9.67483976252	-3.41001135647	
0.0	6.33188331542	-8.48343891334	-1.42175750475	
0.0	4.02941656729	-8.66625405162	1.86118293393	
0.0	2.60064531961	-9.55346554551	1.36912882977	
0.0	2.94133582312	-12.7069190448	0.286588470184	
0.0	1.04400713584	-12.1142402771	-6.65596797211	
0.0	-0.915203383532	-10.7401990949	-9.24733286358	
0.0	-2.93638140862	-11.5611349525	-10.557262482	
0.0	-4.80372642964	-11.2654346967	-11.152728036	
0.0	-0.844201409866	5.65398555818	-10.5689297641	
0.0	-6.04624270808	-7.29357703726	6.53596581671	
0.0	-7.62020131403	-4.88363551947	5.77319089285	
0.0	-9.08671162557	-4.24194405115	5.06592985853	
0.0	-1.47345617704	0.28599292227	5.4534844833	
0.0	0.0833672335984	1.14416739212	4.59639388974	
0.0	6.66581103009	8.12024545717	8.26159831949	
0.0	-0.248424968383	5.89175484686	13.5457706724	
0.0	4.99436305782	9.37681940071	7.59508128543	
0.0	3.87707472165	6.86261002652	6.54340501344	
0.0	2.09393319545	3.14233635977	4.35731277368	
0.0	-3.71694764158	0.466124024677	5.43305463289	
0.0	-4.59806883465	1.09130513469	5.01190127962	
0.0	-10.7216980889	-0.0162299452047	-11.4602544839	
0.0	-5.07135210498	8.47058662419	2.51246120452	
0.0	-5.34738765593	10.4322269493	0.0849911889519	
0.0	-5.81972121754	10.96273904	-0.374702751533	
0.0	-8.01702659048	9.72569599059	-0.19594102764	
0.0	-10.5763847473	7.14000918427	-0.918154135457	
0.0	-8.34405305991	2.22498507537	3.52953634187	
0.0	-6.92612463692	1.92208434849	4.88514378205	
0.0	-6.4966014541	0.636184532743	9.22665661755	
0.0	-1.03704668965	4.02028175801	0.318721661544	
0.0	2.21111265271	8.3326122765	0.657639269407	
0.0	5.08042582644	9.46959786896	3.85036574664	
0.0	12.4985004551	4.47892749527	0.0782145723367	
0.0	12.1549525971	3.26909455774	0.425304379123	
0.0	12.0400013057	3.23266330453	1.80491591822	
0.0	6.53330679112	-2.6451971328	11.3064834417	
0.0	5.38344583346	-0.979729952729	14.4615350902	
0.0	-2.45214063676	1.28958593389	-2.50709645649	
0.0	-4.36060393866	-0.553638031054	-3.79647184282	
0.0	-6.74922797315	-0.208233329358	-6.96080884586	
0.0	-4.87920521103	-0.744968564137	-10.9124281291	
0.0	-5.37217926741	-0.180214388473	-12.121626055	
0.0	-5.59041605386	-0.342306978352	-10.2211186649	
0.0	-4.23926503178	-1.47498840835	-6.98183305178	
0.0	-0.885926230965	-1.58679344374	-2.60179939772	
0.0	8.59624109595	-1.00675142328	2.27570469878	
0.0	9.28183245245	-2.50419905537	1.40479470045	
0.0	11.9463142883	-1.55195102693	-0.253227979325	
0.0	5.20974921414	-15.3488999694	-3.45516493424	
0.0	10.5641109268	-1.9338346072	-2.44699855115	
0.0	9.63179026722	-1.70099330699	-3.9092694693	
0.0	7.90992213907	-1.83018684397	-4.572525295	
0.0	7.40431789938	-1.81147914527	-3.2348603282	
0.0	-4.90356704831	-12.7562940151	-13.3410274952	
0.0	-10.3267081397	-2.84352051814	-8.17410958016	
0.0	-9.74263993449	-4.17750462066	-6.97290551322	
0.0	-9.24604417111	-5.3476724037	-7.22314116316	
0.0	-8.1488986645	-6.67804084387	-8.61182597552	
0.0	-3.12971808999	-5.47409960452	-6.24417476248	
0.0	-1.77198652026	-3.1355928765	-6.62148205852	
0.0	-1.21321806754	-2.81453188921	-5.05289833141	
0.0	-3.5822957214	-2.38567149911	0.829423078671	
0.0	3.40810957772	-1.39734020055	5.08303432584	
0.0	4.4214500396	-0.905703963549	5.35691074606	
0.0	13.7529912764	-16.8451011969	2.46856708966	
0.0	7.14377012443	-3.86876793418	-5.15606824646	
0.0	2.90505902406	14.437756686	5.56451552614	
0.0	3.30750195815	13.6939716465	5.44722732956	
0.0	4.98684298659	13.0327147768	4.4274327377	
0.0	0.109417420114	-1.06565518982	8.02240142711	
0.0	-9.05618789369	2.1272999975	6.65671473547	
0.0	-9.45760522179	2.01028075505	5.40502410235	
0.0	-9.77682402238	3.47465656095	3.43269548559	
0.0	-8.33423352744	8.97198524751	4.41190399225	
0.0	-7.88350156421	10.1619971023	4.01882681821	
0.0	2.1700979163	7.90720858493	-8.43173528645	
0.0	-10.3593326517	8.97086654333	3.10761152676	
0.0	-12.5371097909	7.27825788732	3.65845309663	
0.0	-9.74006349424	3.04377986703	6.00094878639	
0.0	-3.50565840709	0.815072139949	7.83423638382	
0.0	-1.16628973526	3.06124307036	9.16416115282	
0.0	0.132729368896	5.20107973241	9.48534406105	
0.0	2.57628114632	7.70049686247	9.38497830735	
0.0	4.33074642761	8.22897734244	8.11867700669	
0.0	5.85744383895	6.91847017148	7.15011824881	
0.0	5.92601037025	5.47279255344	4.40340822724	
0.0	-0.206305807373	1.95338279529	3.54622783362	
0.0	5.63254464358	4.56912015602	-3.07890597751	
0.0	-3.27611627576	-5.90975416581	6.33431184962	
0.0	-4.46951936196	-8.10790454594	6.45341174464	
0.0	-4.72997716978	-6.71363097608	7.67922896335	
0.0	-6.46922434409	-10.8917903569	-9.33703493986	
0.0	-5.14018299376	-12.239002569	-8.14560403537	
0.0	-3.81779497321	-11.6498849641	-8.35267123268	
0.0	-2.16127937394	-8.50790575157	-9.81641777604	
0.0	0.110693397281	-12.1582791957	-1.38445442412	
0.0	-0.509870215972	-11.8954355911	0.501730522164	
0.0	6.25311625627	-8.33226744543	2.65796817411	
0.0	8.43376305623	-7.40365968699	3.42319247706	
0.0	13.2392265355	-5.76563710922	2.72042980738	
0.0	14.2625638571	-6.11615369322	-3.33113677322	
0.0	11.3270757136	-8.37310361875	-6.3035119719	
0.0	9.89377958167	-8.91111390125	-5.23148660865	
0.0	7.14440006892	-7.19597844712	-6.72063821769	
0.0	0.549048576507	-14.343729657	-3.00180848074	
0.0	-2.89446878981	-12.7821612897	1.59763470878	
0.0	-2.41732166531	-14.7257396534	0.365906835613	
0.0	-6.44446682407	-10.5573431562	-1.79740798316	
0.0	-7.48355001201	-11.4157595357	-2.94713245962	
0.0	-4.40414111722	-4.85583078776	-11.311125341	
0.0	-2.29786839442	-2.8517963524	-11.8227857105	
0.0	-0.662298418901	-3.23658201701	-11.3573330098	
0.0	2.25653876677	0.643562929496	-8.25310275094	
0.0	-0.24205651789	-16.7906608316	4.05691260962	
0.0	10.268839952	-7.71647704227	8.19931770217	
0.0	10.7479293712	9.56588694671	-1.10372799884	
0.0	10.9466704045	-6.17812539884	7.37724484705	
0.0	12.5912036319	-4.69149578721	6.17462855451	
0.0	0.687675569113	10.9685603871	4.94881276457	
0.0	3.27540039866	11.441590803	2.5120180621	
0.0	2.8383574046	12.0082158823	1.30266416101	
0.0	0.00664015471791	10.7913131435	-3.24739140374	
0.0	-10.6105805142	0.944062740488	-2.07755608821	
0.0	-10.7289690701	0.101486672801	-0.849584952005	
0.0	-9.98855428132	0.616163647002	-0.0788343705293	
0.0	-8.0258299062	1.11008154808	-1.04945313608	
0.0	-5.19348743083	8.71228717304	-2.41879674474	
0.0	-4.92610255193	11.0193836297	-2.81159879754	
0.0	-2.46284286235	11.5604934025	-3.39289994576	
0.0	-7.85731677812	11.2704152503	-5.33891430689	
0.0	11.4102862329	3.74819677623	6.49949148995	
0.0	9.04363320873	2.22091009346	8.08600184666	
0.0	5.68257214335	0.136048527825	10.1845643371	
0.0	1.94435670379	-0.278798054447	11.2098824072	
0.0	2.55751679181	1.07745428836	12.1983110151	
0.0	-2.27634478063	2.28840524829	12.6478019137	
0.0	5.58275039992	11.0431700409	1.72263126624	
0.0	5.54724662032	10.2852377736	-1.08709678214	
0.0	5.15433345697	10.1544191575	-2.5211974231	
0.0	-11.6732850896	4.31971284318	3.31235346143	
0.0	-6.23718563392	-3.53974710977	0.167988525995	
0.0	-4.34375323943	13.5558300187	-7.25376327779	
0.0	-8.28083040323	-9.06719774823	6.25422939331	
0.0	-3.69769589365	-3.41949284577	-0.995954712739	
0.0	-7.62571224889	-1.93074221347	-0.204772759203	
0.0	5.07816432094	7.10212465391	-5.52764358498	
0.0	5.14505594539	6.32485155829	-5.99752269948	
0.0	3.24613671833	-7.27613951726	-5.60240838687	
0.0	14.6704689009	-8.03855772036	3.86725173217	
0.0	2.70762022189	-5.04588901343	0.916348747747	
0.0	3.71650215311	-4.72645571636	2.60590295943	
0.0	4.25349399643	-2.9524976289	3.00795130742	
0.0	4.31767019691	0.770783298252	0.863751450933	
0.0	5.33764607295	1.67228202491	-0.63876196486	
0.0	3.84260483667	-7.78317415861	-8.23806954104	
0.0	1.8398428448	-6.56592811418	-6.84759738358	
0.0	0.352668599552	-6.73355422467	-5.0246337236	
0.0	-2.23393429552	-7.7948154179	-3.71335043204	
0.0	-6.01298022941	-8.28480338671	0.463626493363	
0.0	-7.69836947041	-8.23641578704	0.799388779052	
0.0	-8.81619533066	-8.52917204412	0.814744397891	
0.0	-6.67195701075	-7.95508246327	-3.81208031675	
0.0	-1.07618332769	-7.7204671254	-5.24372988056	
0.0	1.25118645054	-6.33576026953	-5.35175187676	
0.0	2.74167340038	-5.65349655173	-4.74507049482	
0.0	4.0283558912	-7.05615663685	-3.84844350612	
0.0	4.50922755624	2.60202109393	7.84274002817	
0.0	3.77767345356	1.50854388471	6.81483737708	
0.0	9.30498214068	-4.1625260438	9.08841019793	
0.0	3.08665936249	1.90033308382	8.10721288992	
0.0	4.69698150054	4.78684898245	10.0073424414	
0.0	-2.18413514292	10.9476479128	4.66685035445	
0.0	-3.04183949784	11.2948673801	3.91266373319	
0.0	-3.47008787977	9.47451180842	0.456428306165	
0.0	-8.78704498527	6.96116644408	-1.98212889639	
0.0	-9.08784375295	3.87473417422	-0.867867042083	
0.0	-8.36470937453	3.79620167093	0.368687437665	
0.0	-6.75565967623	4.53833295586	1.88731589023	
0.0	-5.51909972118	5.15878661758	2.00157927099	
0.0	-2.89365846743	5.83002289594	0.195014391306	
0.0	-0.600700227907	7.6909807195	-1.12969396325	
0.0	8.79426641768	4.99652932662	2.79265759423	
0.0	8.39954573748	6.03997125741	2.1749886315	
0.0	8.95110074685	7.11559929256	1.97861080761	
0.0	4.01220306078	5.27752868091	4.74841498819	
0.0	-0.428606655199	8.41363013105	7.40958587695	
0.0	-1.61465532306	8.2264475669	6.77884175354	
0.0	-1.20069248457	8.31250505409	5.68987842357	
0.0	0.324587485014	6.39300182587	-0.408858353924	
0.0	-1.58385328456	7.64236191498	-1.93146803377	
0.0	-2.89502213645	7.36722271521	-2.11029713018	
0.0	-7.40452335975	5.3743658151	-4.59508849472	
0.0	-4.05578751502	4.16677285969	-4.7549547852	
0.0	-3.93518485461	3.50891693452	-5.84560124495	
0.0	-9.30950521932	-7.36319044066	4.54378868928	
0.0	-4.73891759996	2.24670004251	-5.01399352642	
0.0	-8.08960700035	2.80101632925	-4.90828246614	
0.0	1.17051510979	3.38878065863	-8.17485348999	
0.0	13.0065227337	-5.52666278823	-6.09232627232	
0.0	12.916641596	-6.85505260817	-1.44817013617	
0.0	10.7512968131	-9.17477608072	1.09219860437	
0.0	9.07837037872	-8.7975995233	1.0894137939	
0.0	8.17552772333	-8.01506766667	1.36796412521	
0.0	8.01936103867	-6.39065911758	2.62312837589	
0.0	13.717236011	-3.97505750622	-0.0403364745452	
0.0	14.5617387565	-4.41060385011	-1.80350147242	
0.0	-7.77585178208	-2.36600245474	-10.4303824103	
0.0	-2.9441030954	-3.16882425461	-9.65840192922	
0.0	-2.42407072886	-4.18562936775	-8.41207395691	
0.0	-3.66583901419	-5.42775135389	-3.22501379349	
0.0	-4.7856004234	-5.72814550105	-3.17203528205	
0.0	-7.18446252876	-5.798722039	-3.84497793631	
0.0	-8.44907278659	-5.78709782296	-3.63811537035	
0.0	-7.96577440487	-8.17504957436	-4.26050214584	
0.0	1.20236890491	-10.4631773399	-3.55052219901	
0.0	3.58999694185	-5.95749774416	-4.8553956745	
0.0	3.42559290042	-4.84068905298	-4.08536915819	
0.0	4.42750825541	-4.82700666372	-3.0537323012	
0.0	5.6094735415	-2.97420810693	0.487787841455	
0.0	6.24756422405	-0.0307234376124	4.32424190177	
0.0	6.51167644923	0.649632085017	5.04002395074	
0.0	5.47799885136	0.694791038492	4.56116255728	
0.0	0.713035442896	-2.34397326959	6.678210663	
0.0	-1.24560921789	13.6739596873	-0.308226006154	
0.0	-2.70569764021	13.4803715398	-0.116695217309	
0.0	-3.2825493741	13.7746555581	0.727183823126	
0.0	-13.1080510928	4.38127175032	4.09107060767	
0.0	-12.5979842424	3.67844914614	5.55439788867	
0.0	-12.0789020702	3.96078243151	7.0334945582	
0.0	-11.1708926358	4.43758812349	8.40724293425	
0.0	-5.00038545515	5.15403212753	11.4831291803	
0.0	0.15223054745	15.1311447716	2.41923696885	
0.0	1.6259908995	15.2058076869	1.78346276992	
0.0	6.97412165013	14.2002254721	2.37683974375	
0.0	8.19446031376	13.8563060158	2.54770240859	
0.0	8.95888571549	12.5792593848	3.17166088468	
0.0	7.56388608444	2.49848239629	11.4764445429	
0.0	-0.410601593539	0.680200932242	10.6442339746	
0.0	0.782841053321	0.568174091324	11.3767521722	
0.0	-3.99459754793	4.75520444183	11.5529642155	
0.0	1.1065814001	14.0981133498	-0.778337206376	
0.0	-9.50564845366	-4.94041766099	-13.3330587137	
0.0	-12.452043763	9.04731092985	-0.0896211458535	
0.0	-10.6410064423	8.90959198004	-1.49839221836	
0.0	-9.68094153225	5.68637359918	2.58160888791	
0.0	-4.84129507353	-4.06580078057	4.61538883991	
0.0	-3.97398960031	-4.64579499871	4.31219382448	
0.0	-2.83552521478	-5.2844521843	3.02702499464	
0.0	-4.39657966811	-3.0932430916	2.00845082272	
0.0	10.5310464913	3.16325812789	-1.98612705001	
0.0	11.7947693656	2.24417507376	-1.18576248125	
0.0	11.6385560155	0.0786606858221	-2.67241802608	
0.0	7.71052573894	-5.07896277975	-3.91208568374	
0.0	6.78154547743	-6.64122187834	-1.9707169873	
0.0	7.40572681889	-8.83118042931	2.14741628985	
0.0	7.36840894557	-8.64332135079	3.74230560393	
0.0	-0.14819597575	-13.775678703	3.70412490423	
0.0	-0.283613787292	-14.4932828091	4.50020270106	
0.0	-5.47764121681	-4.41827608857	-10.9382124578	
0.0	-2.78202066131	-3.83699257595	-11.0440890325	
0.0	-1.57053346691	-4.61211883593	-11.5100466481	
0.0	-1.19908830363	-4.28189624448	-10.3184508425	
0.0	-4.95256942086	-4.06654570222	-8.05412946542	
0.0	-0.52753736738	-13.4385551631	5.41139370803	
0.0	2.00451638676	-13.5981454255	5.63064757738	
0.0	2.6850311689	-13.6881031359	4.6912101984	
0.0	1.57978065369	-15.4146535121	2.41364096437	
0.0	11.7936174486	-9.27735975155	-0.796027225977	
0.0	12.1731426434	-10.9258686143	-1.77655620101	
0.0	12.0537889077	-11.8382817523	-2.04534897075	
0.0	11.9982827314	-9.32163569996	-1.07183940501	
0.0	12.0263216748	-6.2885861686	4.90589295072	
0.0	10.4943636915	-8.58317196375	7.47227117648	
0.0	9.52948771641	-8.55299851343	8.80551486994	
0.0	7.46117160651	-9.92283806094	8.87174144979	
0.0	-2.86132929477	3.43450645252	-4.94994908435	
0.0	-4.39549055588	6.6802007678	-6.54683850446	
0.0	-5.9674963106	6.78855120772	-7.04294696768	
0.0	-8.022826064	6.38611468778	-6.73013461494	
0.0	-10.6084937567	5.68816725041	-3.31927181291	
0.0	-10.0218468387	3.8104432718	-1.8634128212	
0.0	-7.92169307482	0.355383735635	1.59544560425	
0.0	-6.99270827431	0.982364343544	8.66098743433	
0.0	-2.40482077303	6.37883822858	7.90933126116	
0.0	0.703212463477	6.39696027391	8.25189620352	
0.0	3.93639911775	8.19017117009	6.28480900759	
0.0	7.24490749626	7.09017890477	4.19154855951	
0.0	7.27860578384	7.3110676177	2.91024035415	
0.0	8.78109921155	6.60641105315	3.50784547979	
0.0	1.14608847022	5.84775426471	4.5439363432	
0.0	-2.53695134641	5.53264022496	8.70903691135	
0.0	-3.81695543377	5.24004616924	8.74568957564	
0.0	-6.96663467432	5.61173020017	3.68257300519	
0.0	-10.3532291674	5.27189267632	1.86589721814	
0.0	-11.1981231275	8.2992506861	-1.00516371773	
0.0	-10.9076227444	9.7552086475	-0.241086934496	
0.0	-8.85158271652	11.5500287009	1.72588937449	
0.0	-7.31521600148	13.1959870772	4.15543596421	
0.0	-3.0262616204	-5.97306998191	7.64122549192	
0.0	-1.98848971309	-5.71408356694	3.94994257379	
0.0	2.91887029382	-1.10496921801	7.18598582208	
0.0	4.64065536655	1.072799168	5.92636087403	
0.0	5.29169414169	2.18528379456	1.4924262694	
0.0	8.76761320962	3.05316680205	1.18496196977	
0.0	9.29889904913	0.77192300085	1.01000765938	
0.0	4.802818848	-2.35804157993	-3.18912088677	
0.0	4.70030133138	-3.70854449558	-1.50035917358	
0.0	2.87633837145	-1.90471477163	1.38972633854	
0.0	-6.98646555042	-8.6984949329	2.34049771488	
0.0	-8.12849525549	-8.92236599174	1.99106357893	
0.0	-7.77992582613	-9.66229794241	1.17718342218	
0.0	-4.60579152722	-8.36747519087	-4.70996454145	
0.0	-2.0786028829	-6.60600921782	-5.61690114144	
0.0	-0.65767814039	-6.2113255243	-7.02366819169	
0.0	0.237592142796	-5.13949760329	-5.02409851154	
0.0	-0.102935242222	-6.1515990647	-2.98080028421	
0.0	2.3868317485	-1.11187708812	0.445353833998	
0.0	3.89174644461	-1.11415048741	2.20270043775	
0.0	4.95870900234	-2.07089950695	1.88393709946	
0.0	6.46497856312	-3.98631495014	0.457429182884	
0.0	6.11594195284	-4.80080926508	-2.04807109233	
0.0	5.98802683409	-4.82213598925	-3.53823583836	
0.0	5.01308193978	-3.42463601041	-3.46595737168	
0.0	8.24751251303	1.83349884743	-0.546414910575	
0.0	9.31058837083	3.52385512137	-2.92110200016	
0.0	-3.63951541187	0.411765618448	0.349608250292	
0.0	-4.5624802871	-1.83766190708	0.200659564362	
0.0	-4.49071806635	-2.31521839915	-1.34914347621	
0.0	-6.70802298276	11.3666926955	6.91417545956	
0.0	-6.75738527391	11.5295881285	5.68369131867	
0.0	-9.04229804169	8.91956202439	-3.54749206485	
0.0	-9.83426800078	7.64857428566	-5.14161923096	
0.0	-10.5972916854	1.32665124241	-4.74412156757	
0.0	10.1932719812	3.36160482148	6.54029491954	
0.0	5.69440104115	-1.24409285736	11.5290573975	
0.0	3.70056998875	0.156505290344	12.7184772185	
0.0	3.58067551897	0.77090038273	13.4244869546	
0.0	3.24546382274	10.6588398617	4.48807604616	
0.0	12.6794161501	5.85285715126	3.2169681128	
0.0	11.6930834102	4.78979528855	3.87713618889	
0.0	10.2164077268	6.5428409466	4.53452177396	
0.0	-0.284418459701	7.20300732187	0.809345468801	
0.0	-2.36782401609	4.57484601249	0.0587339518966	
0.0	-4.19755105024	4.692128864	-0.0646727284672	
0.0	-5.2058406912	4.32941079947	-1.71974296569	
0.0	-6.80438139839	4.8710294873	-2.66133020896	
0.0	-9.58290007142	-0.917349398562	3.78239850664	
0.0	-11.5210764083	6.77507812013	-4.41882849377	
0.0	-11.2242768041	6.31697021306	-2.09499678842	
0.0	-2.30655528132	7.87143988687	-3.96347704415	
0.0	-1.01283745473	5.16934599545	-0.651788194846	
0.0	6.68089807842	-8.95368594559	7.03582097904	
0.0	7.44379957639	-7.23699185355	6.92028504033	
0.0	11.7132944218	-5.83901368291	5.71870002803	
0.0	13.0706509275	-4.6697956238	3.90871642423	
0.0	12.1405856478	-6.73528946173	-3.29919372557	
0.0	11.6656723389	-7.76430273173	-1.58739717377	
0.0	5.38173905659	-2.89512201039	-9.07491527728	
0.0	1.30781698856	-13.9747469773	-4.1745227846	
0.0	7.66481292795	10.4414865801	10.4268067861	
0.0	-5.72292805908	-10.8175716414	-0.672288787539	
0.0	-7.45427747496	-10.3630873502	-1.33626433111	
0.0	-8.19606386641	-10.8001869687	-2.18854235336	
0.0	-4.55515972883	-6.06380755673	-10.3703479033	
0.0	-3.07915446022	-6.60889664127	-11.4250301205	
0.0	-3.79597569473	-7.84170945585	-12.4595218103	
0.0	-3.06983632916	-8.26027080679	-12.9251099911	
0.0	1.42318010176	-11.0133537415	-1.66459901868	
0.0	4.36315230911	-11.9537483254	1.05407044816	
0.0	4.07562677681	-12.7911111938	2.22922946968	
0.0	5.28336625738	-13.1007036787	2.07821168687	
0.0	6.78131158882	-10.5168853677	-0.700707194828	
0.0	6.5248073702	-9.36424251582	-3.3064035677	
0.0	5.98330765923	-8.5445543259	-4.26747560254	
0.0	8.42265767719	-2.34598862367	-9.49117827969	
0.0	2.57134112701	-11.4584160247	-4.15497211818	
0.0	-0.204491717685	-12.4244073214	-6.75969156561	
0.0	-8.75880656633	-6.84550923719	0.499234808375	
0.0	-7.34034713626	-5.99175431022	1.43830296956	
0.0	-4.75603786016	-6.42104520793	3.91125245313	
0.0	-4.26522320181	-6.97056299403	8.21156150468	
0.0	-6.17412578725	13.3113604009	3.86500488738	
0.0	1.99711981874	-9.81116715412	-12.2800441117	
0.0	-6.01988714245	8.6659343536	8.04045930103	
0.0	8.71921688674	8.74349616753	6.10159758908	
0.0	1.69135180972	1.64077931856	5.70358123993	
0.0	-0.669387610736	1.67936283251	8.79635501157	
0.0	0.523001815519	1.89415327063	9.92956390622	
0.0	1.00410917035	2.06627435766	10.9395585326	
0.0	0.325954925859	4.13918854978	11.7264567449	
0.0	7.99169109546	11.8101150374	2.32766811357	
0.0	8.8508867068	10.9063317083	1.77211693435	
0.0	6.62050860746	10.0746239712	-3.36405377661	
0.0	-11.235363271	7.00521873214	4.26404151089	
0.0	-8.64971489898	6.76594917584	7.49874264027	
0.0	-7.63567880929	6.02133624699	9.49763478474	
0.0	-8.41015716801	6.18696875754	9.06658219186	
0.0	-9.3354566014	6.5782428773	8.03877667638	
0.0	-11.6869843221	5.37188198266	3.78749237266	
0.0	4.50616531636	10.9433731405	-3.22661639878	
0.0	4.04339446195	11.4156073208	-2.24987729924	
0.0	0.485615689181	-6.57391468957	9.82146049362	
0.0	0.366368468872	12.1534821859	2.63131913842	
0.0	3.55537281002	0.711252229298	11.4261083945	
0.0	5.37290365649	-0.928595795126	9.19062750237	
0.0	7.09232933731	-0.49734348204	8.49904175753	
0.0	7.59155484844	-0.310438818283	5.58321703558	
0.0	11.7384656732	0.113412228342	0.0430820114482	
0.0	12.0956315138	-0.502756422326	-4.35463046453	
0.0	1.62835166116	-3.18893256547	-8.93000287319	
0.0	0.398184687314	-4.26094151985	-7.47844540778	
0.0	-0.44938650497	-3.01985859141	-5.35832664484	
0.0	-6.73364588444	-2.13973043738	-5.03829551547	
0.0	-8.13232754874	-3.92066242816	-5.0500889016	
0.0	-9.20017953817	-4.25779288658	-5.25491250113	
0.0	-8.10814718589	-3.5229169242	-6.6026911502	
0.0	-4.86799355867	-2.07548713459	-8.61521031684	
0.0	4.61843125466	0.134139808389	-8.73745649379	
0.0	5.54142598338	-0.345144896086	-8.18563918956	
0.0	6.7531646497	-0.383011750166	-7.28475085259	
0.0	11.1923749976	-3.18596490856	-0.641435633594	
0.0	11.1764849235	-3.27330346295	1.63401045187	
0.0	9.14120198764	-3.89740232872	2.97255167068	
0.0	8.58728080589	-4.67311402109	1.60098746054	
0.0	8.36955944285	-4.7827220132	-0.502239447222	
0.0	6.40871168161	-1.9928939338	-5.90666800205	
0.0	4.59325965902	-1.63855453918	-8.64280834325	
0.0	-1.41115677511	-0.255133577546	-12.0645850834	
0.0	-0.917233982109	2.01901446446	-10.7818981034	
0.0	-10.8154940776	-6.18391871402	-2.94759749003	
0.0	-9.78477599327	-4.56909147268	-3.3944397819	
0.0	-8.62598604928	-3.114267941	-3.07523302757	
0.0	-6.01978421855	1.23183037982	-3.54461748324	
0.0	-3.64453298658	1.82421928846	-3.89103051089	
0.0	-1.34789421425	8.54526076636	-3.66353778842	
0.0	5.43221627909	9.15464686244	0.212386114192	
0.0	-2.22249653841	10.517366214	8.73484464774	
0.0	6.21250636842	5.62540497363	2.4393199526	
0.0	2.69656424888	5.80240587615	6.68136480992	
0.0	-0.121438904077	7.57249008012	8.11320373565	
0.0	-1.59690066733	7.4062185439	9.03142658603	
0.0	-1.43122899953	6.04376404903	9.56088962377	
0.0	-0.762494250616	5.78826795288	5.22948944862	
0.0	-1.68606010351	4.29218616098	3.51364416033	
0.0	-9.14931046562	7.64125201758	1.13137817999	
0.0	-9.3028776833	8.32656434373	0.142135848849	
0.0	-6.14407606407	9.05607006755	1.59359919449	
0.0	-5.3272358257	7.79228015327	3.43256804465	
0.0	-4.89332402554	6.67467448222	3.70444161357	
0.0	-4.87079202589	6.26411236873	4.48777664645	
0.0	-4.70826343585	4.05317590553	5.14025937992	
0.0	-1.89926260422	3.03239338838	4.05131269338	
0.0	-0.955763974365	3.10823887738	2.93815263467	
0.0	7.18280755567	7.64282960315	7.07624034304	
0.0	5.06564987909	8.63251226473	9.23617135349	
0.0	4.348689831	7.35344062912	10.4105354746	
0.0	3.95951622617	6.34887990816	9.63001611103	
0.0	0.343208747757	1.36470987379	6.96963119696	
0.0	-0.362308388642	0.65323930104	5.71395676158	
